102.9594	81.7469
104.2139	77.4610
104.3826	79.9563
102.7824	85.3025
105.5724	85.1497
103.0621	72.4238
98.7280	72.3174
100.3975	65.0429
106.3967	70.4680
105.8196	63.4837
106.4600	70.8016
110.1459	70.4405
108.7843	77.9367
106.6917	70.5426
111.5368	76.7676
108.6449	69.9730
109.8739	75.9722
107.6599	77.6988
109.9574	74.9801
107.4581	77.1577
110.8989	82.2514
110.8377	83.6064
110.8893	82.2456
114.5947	77.8458
112.3583	78.5904
109.8337	77.7153
110.3713	70.9490
109.1260	74.9004
110.9215	80.9627
107.3638	73.1400
106.6022	68.3302
109.8821	64.4999
114.9996	72.9267
113.0323	66.7288
113.7114	71.6866
119.8932	78.9246
124.4050	75.9182
120.2783	77.9714
120.7616	83.4847
122.6311	77.7827
121.3014	78.7438
124.7256	73.0336
122.1860	71.4150
124.9956	68.7383
122.8393	62.7225
117.5431	63.7533
118.3484	68.1390
121.5373	62.3513
116.9190	65.0361
116.6660	65.7044
118.6338	66.3496
115.7862	63.5021
117.8536	70.1522
120.1679	65.3106
120.2127	62.7235
117.5493	68.6330
113.9713	68.9642
119.0974	62.4114
117.4956	62.0487
116.9907	66.3747
117.7328	65.0526
111.9392	68.0473
112.1083	69.4495
111.1205	71.8397
114.6064	71.5448
115.6144	72.0062
113.9372	69.7648
114.9819	73.5416
114.3308	81.8176
112.9637	72.3222
106.9564	69.2346
108.4739	68.5110
109.9376	66.9848
108.9015	64.3116
106.6723	70.0526
108.5491	66.8040
107.8993	72.5115
108.2255	73.4547
110.3092	74.6292
108.6046	72.5162
107.8598	75.0483
107.9023	66.5996
105.3757	66.5042
106.7183	70.1788
103.8871	66.0968
106.4007	60.9555
104.3672	68.0109
103.8049	62.7727
104.9569	65.9614
106.1090	68.0103
104.2892	63.7034
104.6278	63.9937
108.8392	67.0685
102.8615	61.4759
103.3745	61.1641
104.1089	62.3792
104.1237	65.0303
102.8154	62.2752
104.8076	64.0211
103.6890	62.6931
104.5225	60.6790
104.1651	61.9745
102.3635	57.6627
105.6429	61.0054
102.8923	58.4911
102.6689	61.0428
101.6085	61.8307
103.3874	55.5477
102.2348	58.2871
102.8764	59.9227
103.4817	57.9670
102.3885	62.7104
103.7670	64.8184
108.9905	63.3556
102.4723	60.7757
103.9200	61.8019
103.0592	66.0038
104.7653	62.6137
104.0454	59.6718
107.2938	61.4488
102.6209	61.0089
102.2919	57.0785
101.9874	58.7995
103.6624	60.2906
101.8767	60.3132
100.2576	63.1360
102.0915	59.5103
104.1011	60.1194
101.7929	61.4717
101.6702	63.2421
102.4090	58.4258
103.7613	61.6741
102.6427	63.8991
101.7139	60.8907
101.6763	61.4238
101.5723	63.1005
101.1179	62.9728
102.8149	62.5261
102.1708	60.8596
104.0854	61.2749
104.3486	60.1522
101.7007	58.1988
101.4264	58.9569
103.4323	63.3750
99.7161	61.7107
103.1125	61.6637
101.9628	63.5090
101.7502	60.9620
102.7939	64.3234
100.9279	62.0108
101.5535	64.9270
101.5947	60.2903
104.1339	59.3900
104.6863	61.1232
103.0142	59.9407
100.3475	64.3004
99.6941	62.6744
102.3664	62.2726
103.6425	60.7615
101.3045	62.3957
101.2619	60.0473
104.5873	65.6092
103.1973	63.7533
102.2607	62.3656
102.6787	69.8476
101.8423	61.5619
103.8356	64.7641
101.3458	61.9590
104.2451	67.2927
106.8759	67.1924
108.3015	61.5753
105.5744	61.7834
105.4772	60.1911
102.3620	61.6461
100.9060	56.9377
97.6112	57.6693
103.2845	57.4774
103.2345	64.7244
104.8998	58.1888
104.5372	63.8302
103.6881	64.8686
103.8567	67.1320
102.8738	62.7192
105.9399	63.0481
104.5332	60.9632
105.5530	68.2840
105.3443	59.6914
103.5253	64.7705
107.0885	64.5745
107.4468	64.8234
108.3544	62.5083
110.4065	64.0584
110.7990	71.8914
110.7417	72.5453
106.8796	63.5829
107.2852	61.2706
104.6687	67.3808
105.6352	64.8258
107.0386	66.2346
107.6077	66.4553
104.6435	65.1656
103.3247	67.3177
106.5310	62.2165
101.8330	58.9072
104.2255	57.9305
108.7600	56.6106
104.1421	61.9772
103.4911	61.7957
105.3834	57.9998
104.6358	62.5583
104.5187	68.1101
104.5651	62.9269
99.6029	61.5820
100.7070	64.0914
101.3665	59.3946
102.8511	58.6952
106.7768	67.5771
102.2660	58.7603
106.9060	66.3431
105.5947	65.1306
104.9327	63.2589
104.6535	60.2083
101.3636	60.8733
104.1272	56.3570
104.3860	65.1173
103.5932	60.0178
101.9755	58.0651
101.3849	54.5220
100.8648	57.3357
100.1435	58.8736
101.4852	60.7977
103.5983	55.2597
101.3089	60.7979
102.6539	57.4911
104.0255	60.8693
102.4125	59.1920
100.5868	55.5806
103.0522	56.3579
100.8564	59.1770
99.8128	55.8649
100.6686	59.5366
99.8710	57.3508
99.3508	57.9790
101.1891	58.6167
101.5801	56.2647
101.7295	60.1599
103.6986	62.7579
104.1355	63.4135
104.1198	58.8891
105.2161	65.4147
102.5191	65.0723
105.1286	59.1803
103.0942	61.7218
101.9894	64.5588
103.8417	65.6645
104.1123	62.5154
102.5962	63.6789
101.3328	58.5246
102.7403	58.2022
100.1329	57.5974
97.7970	60.5408
98.9094	56.5915
96.3077	53.5601
94.7497	55.7591
95.3630	59.8235
95.7392	59.7603
96.8420	60.6401
97.9124	61.0530
95.0388	58.8791
97.4074	54.0281
93.9721	57.5229
98.2805	62.2764
99.0036	63.2545
99.1555	55.0873
100.2807	56.2306
99.8471	56.8306
98.0166	62.3800
96.4350	57.3222
97.4889	52.4654
97.4267	51.5956
98.7041	52.5125
97.7368	54.2650
97.7491	55.9522
98.3933	55.2343
97.0737	55.9453
100.6393	59.9767
101.0713	57.5567
99.4384	59.8016
97.1071	53.9128
98.9319	52.8106
100.1222	56.1614
99.6905	60.6567
97.7321	60.2333
102.1233	54.2350
103.4214	64.7631
104.5753	65.0951
103.4294	66.6873
103.9946	63.5926
103.7398	63.5433
102.6408	68.7770
100.6389	58.6476
99.7583	65.5324
98.3450	60.7860
100.2294	52.6721
101.5538	59.1191
97.9313	57.7636
95.8706	57.4597
96.3966	62.1553
96.6487	63.1883
96.7009	56.0194
99.8221	63.1122
98.0992	56.1202
100.5905	58.7616
100.7339	55.3662
100.2122	52.7478
99.8718	56.7460
100.7833	60.0007
102.1748	61.2854
98.5649	58.0069
99.5366	60.1229
99.3309	58.3076
96.2464	57.2833
97.0885	60.9654
96.5880	61.2315
96.3924	60.8830
100.2107	52.7004
97.6474	60.6721
97.4214	58.3788
96.0193	55.1936
94.5480	57.6964
94.7081	63.8728
95.8937	57.6214
97.5149	58.6049
95.3498	56.2660
95.7665	54.5569
98.7347	53.5330
98.5343	58.4356
98.8822	62.7423
98.7425	63.4443
100.1034	60.9950
97.1788	63.6270
99.0278	60.2753
96.6883	59.5659
99.6206	56.8586
98.1468	58.2037
98.6180	61.4252
97.7238	61.9140
98.2583	55.6941
97.7420	64.9341
99.3404	60.3221
99.2841	62.8845
98.6136	61.2556
100.5985	61.1658
99.1966	57.6959
101.3507	61.9726
98.7311	60.7500
99.9730	60.0936
100.7970	61.3644
100.5313	61.9910
99.0811	60.0043
99.1459	65.3344
99.8540	58.9104
99.2695	58.8754
99.2909	56.1015
99.9732	59.4350
99.3249	58.1907
98.7188	54.2278
99.2404	58.7096
98.1996	61.0665
98.4396	61.9983
99.7410	59.2780
100.2190	54.7229
101.6288	54.3801
101.5383	58.9023
99.9549	58.3451
98.6276	58.8715
102.1589	53.6812
97.8829	56.8320
97.2682	52.7282
98.7772	54.1263
100.2141	58.4337
100.9030	61.0660
101.1141	58.4704
99.8435	58.7928
98.7109	56.6485
102.2709	55.0298
100.0659	55.5145
99.6475	58.9482
98.7930	54.2874
97.4426	60.1591
98.8895	54.2169
99.2794	58.5380
98.6050	56.3980
98.9249	56.7010
98.5411	58.6611
99.9226	58.1328
97.2936	58.7596
99.3874	54.7556
98.0627	58.9720
94.9602	58.1550
98.1528	57.5082
99.5665	56.0481
100.3477	56.2306
97.0706	58.2315
97.8587	58.1157
97.6713	62.5380
97.9057	58.2424
97.7782	56.9387
98.4981	54.9286
96.7192	55.1730
96.8654	57.5050
98.6407	56.8816
94.6716	54.1386
96.4438	53.9012
95.5093	57.9922
96.4456	54.1104
95.0983	57.1124
95.3601	53.9212
96.4979	49.4588
97.1100	57.1526
95.4049	57.0276
95.4037	54.0429
96.3175	57.0915
97.2054	53.1275
97.3636	58.0743
97.3319	53.9697
96.9027	56.9465
94.9723	56.0260
96.7780	56.9502
96.1487	56.7795
96.9135	55.9919
98.1123	57.1077
96.0925	56.5164
95.3810	55.6910
95.3115	54.1079
94.7934	55.9539
94.8113	54.5920
97.1697	51.8206
94.5316	55.5400
97.2830	54.3155
96.9011	50.0552
94.6546	53.3026
96.7481	52.9222
95.2959	55.6797
95.5259	56.8281
96.4238	60.6821
95.9177	59.9235
96.6775	58.4005
93.8212	57.2862
95.6358	56.5901
96.0986	57.2479
96.1476	56.8708
98.4079	58.2789
98.2907	57.4158
93.9216	56.6700
96.7308	55.4761
96.3408	54.3399
96.2765	57.5968
95.4430	58.8570
95.0954	57.1295
95.6552	54.5695
96.1745	55.1348
97.1587	52.8686
94.1777	51.8621
96.0607	54.6719
94.5722	55.5675
95.1081	51.1154
96.6589	53.7515
94.1547	56.0334
91.3688	52.7532
93.0177	59.3493
91.6957	51.9571
91.8869	51.1780
93.3198	52.6953
93.8954	52.8009
93.6360	55.3541
96.4905	53.3784
95.6775	49.0464
96.3269	54.1566
96.2649	53.0102
94.4924	51.5444
95.5925	50.0568
96.3624	48.8374
97.4778	50.2841
96.7592	52.3979
93.7605	47.3823
95.1508	49.6309
93.8992	52.5556
94.6746	50.1921
95.6922	53.1804
97.1011	58.9730
94.3868	55.6575
94.2413	53.4320
95.4849	54.7746
96.9046	57.0256
97.4125	54.9973
94.7084	55.6613
93.3286	54.0342
95.1245	56.0740
93.8542	57.4789
110.9400	56.6816
110.1837	64.1521
110.3577	64.3087
107.0099	61.3824
110.8338	69.9106
113.3917	70.5148
112.3004	70.3819
110.3611	73.2751
112.6665	74.6231
113.1456	67.5508
112.7768	70.6675
111.6956	67.3308
112.0726	77.7153
113.8220	70.4625
112.9595	68.7953
109.6116	70.6952
109.3143	63.4270
105.9080	65.4624
104.2047	61.5785
103.5900	62.4543
106.9560	58.3946
106.9368	64.3943
104.4131	57.9343
105.5297	60.1249
108.4176	60.1972
112.2161	55.1807
114.9278	56.9523
113.3442	56.1126
115.1504	64.0425
112.7351	64.4391
112.1140	63.1360
115.9111	55.9372
115.4924	66.0072
117.2376	69.2209
121.3687	66.6982
116.8546	71.1073
120.7345	76.6012
118.8143	68.1060
121.2877	74.0520
120.2093	75.6627
119.9929	68.9576
120.0403	71.3107
115.5330	67.0006
119.2918	74.9102
117.5672	78.6940
120.6249	77.9296
119.8908	75.5916
121.6797	72.4893
120.5482	67.2001
119.7334	70.2017
119.4724	68.7838
115.1649	66.7879
116.7596	69.5778
120.0757	67.7672
117.4068	63.2559
118.9989	68.9300
117.3271	70.6042
117.1912	76.1072
118.8814	74.9875
119.9548	70.7738
119.3261	73.8674
118.4398	71.4108
119.5604	75.7595
117.4921	74.5368
119.6237	74.2303
118.9660	70.4698
116.2789	70.3759
116.7744	67.5811
116.9958	66.2597
116.2305	65.2835
113.3548	73.6594
113.3960	70.0641
114.3323	63.4438
108.7906	63.3401
112.2851	65.3659
110.1693	62.9167
111.1552	62.6211
112.8624	62.2169
112.6732	63.9395
113.7805	65.4717
114.0280	66.3778
109.7841	59.3192
109.6931	65.3710
111.1922	62.1640
114.1465	69.3000
115.1363	71.9678
111.5174	65.2975
110.7832	61.5679
113.7948	63.7660
113.9590	61.5975
115.4430	63.9415
114.1834	68.4506
117.8056	70.8455
115.5742	69.9293
115.2362	64.8503
115.9798	64.2866
114.6368	60.9424
112.4543	59.5229
114.0560	64.0191
114.2374	63.2466
114.6155	62.9939
112.2812	64.8824
114.1277	63.6520
113.0614	67.4368
113.1511	63.8284
113.3864	65.8641
113.8872	70.5781
114.3807	64.7863
111.9307	65.3351
110.1798	62.1035
111.9161	56.7899
111.8199	57.9911
111.9706	63.0581
114.7211	68.9517
110.3312	59.3410
113.6670	62.0929
114.4172	63.9707
115.0906	68.9573
112.6595	63.9704
117.4896	60.8706
113.2966	58.6277
116.2255	62.4808
116.4399	61.4353
118.6958	59.3070
117.3785	62.1355
115.3134	58.0254
115.6594	53.1397
115.9699	58.7421
115.0621	55.0725
117.2237	59.9162
116.0449	63.1066
115.9333	58.8372
117.3445	63.2775
120.5958	66.1632
118.7554	69.8015
119.9742	66.5945
117.1128	60.5199
119.9497	64.8798
120.4462	65.1768
114.9885	67.5119
118.8952	64.3745
116.8978	68.1867
122.0702	66.9456
117.1707	60.8883
118.1164	66.7159
120.7314	63.2420
126.0571	67.9385
118.9408	69.9581
118.1428	68.6380
119.0955	63.5887
116.9502	62.5454
116.0649	62.0506
121.2274	66.1430
114.6294	55.1175
117.6118	56.2402
116.3737	56.0888
115.0196	62.8303
113.4260	53.7508
114.1548	54.9616
112.5245	56.5298
116.2179	54.4345
115.2932	60.1226
114.7720	62.6179
112.9462	50.4161
114.7698	61.3621
116.4010	62.2266
116.0871	61.9082
119.5785	61.5356
115.9399	56.0263
117.9764	58.3089
116.4499	59.9385
116.7189	65.8412
118.8730	61.7661
118.0840	63.9575
117.5715	64.4115
113.7326	64.5810
114.7965	54.6957
114.2222	60.9409
114.0998	59.9137
116.5958	62.2695
121.0075	66.4696
116.9895	70.6129
114.3797	63.5850
116.0345	69.4301
114.3986	65.0796
113.6704	61.7043
116.0131	66.7469
116.3336	63.9631
112.4739	61.5364
111.6004	57.8111
115.5612	58.4544
116.1193	59.5585
115.8888	68.8378
116.8328	74.2352
116.2109	74.0622
116.7366	73.8232
117.6858	67.5877
117.1625	65.2798
113.1748	66.1826
116.0859	59.1555
118.9908	63.2351
114.5175	61.4745
112.9792	60.8681
114.2293	60.5366
113.9007	69.2648
114.4322	72.9744
116.3704	72.2430
119.9279	73.8777
118.1753	77.0021
118.2399	72.6686
115.5566	65.5152
114.9977	65.8644
116.2091	68.6875
115.0319	71.2698
114.1324	76.5874
115.3182	68.9192
114.2758	74.7812
118.2214	66.1083
115.9304	61.3761
117.2659	69.8289
114.1072	65.9056
118.4370	68.7461
116.0935	67.5316
114.8448	61.9155
116.4868	63.4856
113.8225	60.9738
113.3114	61.9560
114.0265	67.7641
113.5202	64.9168
115.4934	62.1870
113.8756	61.8937
109.0798	55.3356
112.4143	60.5711
112.6572	56.8331
114.5387	60.6640
111.8110	57.4174
111.6818	54.2073
112.1464	56.2738
111.3257	58.9786
111.4854	60.9152
110.6602	55.3654
114.4648	68.8487
115.4122	63.1476
113.3088	69.7460
111.1717	59.6904
108.5464	60.9364
113.6042	59.2242
113.1894	55.4983
117.6299	59.9647
117.0452	57.0705
114.2298	60.6685
112.5401	62.1660
114.0622	62.4195
116.0454	64.7976
116.4979	65.8424
115.1551	66.7738
115.2026	66.5114
114.6214	69.0184
114.6671	62.3052
112.0888	61.2599
111.7891	61.3558
113.1674	62.0277
111.4772	65.3342
112.1179	64.1768
112.7246	64.8481
112.3410	65.0962
112.6891	67.4073
109.8313	62.4061
109.8201	70.0594
111.6265	68.2425
112.2513	63.0730
111.8767	66.2873
110.3036	59.9549
109.3774	62.3957
112.9713	60.4647
110.3141	58.5250
110.8393	59.6062
112.7322	56.8968
112.7188	64.4462
110.0407	67.0469
112.4945	56.5436
108.8902	58.2938
111.1387	55.7205
109.8183	46.0850
108.5335	53.4252
107.3650	48.2655
104.8303	47.7923
107.7544	47.0964
107.3979	47.2402
108.4735	51.9438
107.9862	53.7463
109.0567	49.4761
109.5786	47.0369
107.2381	52.1649
110.8810	51.9350
109.4819	51.2939
108.1082	52.8595
108.5050	48.8859
108.0664	50.6024
106.4781	53.9024
106.1529	49.1989
106.3881	52.2781
103.9695	48.0652
107.1888	49.0669
106.0181	52.0464
105.5064	53.7714
106.1710	64.3529
103.1781	60.3791
105.4288	54.7205
101.8341	56.5899
104.6755	54.7103
106.2659	60.9305
103.1214	59.5570
103.7483	58.8996
104.6474	59.7309
104.0035	55.6985
99.9407	53.2014
101.7903	58.0515
102.6024	54.7090
104.9954	55.9891
102.3454	52.1340
103.2881	54.0919
103.4280	50.5519
102.1333	53.5142
105.7507	46.2602
104.1224	48.9907
104.8104	46.7910
106.1404	51.7225
103.5941	56.5527
106.3275	56.2394
105.3784	56.2259
104.3792	54.1601
105.6756	47.9125
105.5038	47.1029
105.0819	50.2544
102.8010	47.9832
105.6542	49.9414
99.9384	52.9269
103.1643	50.2591
100.0542	51.3907
103.6027	51.5592
102.9504	52.8139
102.8243	53.6560
106.5791	51.6602
106.0180	53.8922
104.1552	51.8318
104.4517	53.9787
103.3946	50.8481
104.2244	47.8618
102.9636	50.9557
104.1869	48.7016
101.6817	52.8146
103.7907	54.6089
105.7611	55.0307
103.8758	58.0929
103.3684	47.1025
103.9709	51.3475
105.0580	52.7005
102.9828	57.2141
104.7407	52.0170
103.2170	56.1233
104.3434	62.2144
103.3450	58.4589
104.2506	61.4020
100.8126	60.5879
102.5063	55.8602
104.2574	55.7217
104.9171	63.1095
106.2870	57.9145
101.4147	57.3822
103.7215	53.8951
104.4471	50.7387
103.7146	55.2455
103.8117	54.6582
104.5388	49.6955
104.2174	56.0662
102.8458	56.0155
102.8884	52.2483
104.2794	54.0222
106.0128	56.1615
103.7894	59.2681
104.9989	47.7630
103.5764	48.0817
104.2291	50.9721
103.2086	53.0623
105.1855	48.4501
103.0887	55.7402
103.0999	53.3012
103.8620	57.0977
104.1930	56.9734
103.5488	56.0016
102.9872	55.6890
103.4343	55.0107
102.2311	56.0645
101.6937	48.8181
103.5291	52.6887
103.2126	55.5565
105.4452	55.5207
105.6397	54.3726
103.4283	54.9692
104.0382	55.2935
105.9355	54.4437
104.1808	58.0121
105.6209	54.3394
103.8108	56.0885
106.1581	53.7544
101.8848	54.6216
102.2848	53.7731
103.3858	55.3811
104.0107	57.7085
102.3181	57.0679
105.4346	52.6268
103.8083	56.4868
105.8960	53.3695
106.8068	51.1709
104.2475	58.0258
106.5572	57.8586
102.2603	59.4737
102.9668	55.6980
104.3005	58.9892
106.3720	55.3726
105.0687	53.2604
103.5267	57.5584
106.8272	57.1812
105.8754	57.5037
106.1277	56.0522
103.0597	57.2495
105.2429	59.3834
103.0379	52.1776
104.1427	55.0400
103.5157	53.5307
107.3131	51.0283
103.8132	53.3158
106.9030	52.0814
103.0962	53.8814
106.0335	56.3237
103.4731	53.1954
103.6482	57.3474
103.1765	50.8538
105.3471	56.8947
105.2323	55.8815
104.9484	55.4273
103.9921	53.8421
104.6296	55.1211
106.7287	50.5701
105.9927	57.3791
106.2006	56.4423
105.4538	52.2694
105.3980	57.5411
103.9347	50.5833
107.5858	51.9643
104.4349	52.5007
106.2566	53.9263
104.7890	49.2281
105.2476	46.3011
104.2282	49.5709
104.2916	52.5372
106.7099	47.1244
105.1770	50.5572
105.5705	53.2656
106.3862	49.0783
106.0760	50.8157
106.0689	56.9916
103.2846	56.9817
106.2750	57.4055
104.3317	53.8926
103.1656	55.0433
105.4099	53.9266
105.2369	56.4168
105.3568	56.9452
106.0018	56.0653
104.4740	55.6373
106.7211	54.0178
105.0290	54.6120
103.8737	54.6548
105.0928	51.8983
106.5537	53.6216
106.1904	53.2772
105.6825	52.7809
103.9844	57.7543
105.6594	49.8314
103.2787	52.1318
107.7460	52.0611
105.5158	48.8604
104.3166	49.4921
104.2113	52.2406
102.3375	55.1266
102.3187	53.6153
103.9050	47.4815
102.9514	48.7024
105.8897	43.5259
104.2576	50.8055
105.4348	45.3163
105.2471	45.5543
105.4282	43.6930
105.6806	49.1102
102.7982	48.1906
101.8062	44.7452
106.4255	49.0782
105.1592	50.4194
110.3548	91.7704
110.6553	86.7741
109.1698	82.6841
112.2706	84.2950
108.6311	83.3355
105.3519	72.4203
108.4852	75.2079
109.2020	72.4194
107.2086	72.2855
109.7873	73.9822
109.5832	77.4245
107.8056	70.4265
108.4979	77.8031
111.1358	75.1265
110.7858	80.5684
110.4811	77.4962
110.9608	84.0703
112.2397	82.2527
110.0821	89.4037
109.1023	82.8395
108.7845	77.3404
111.2112	85.2073
114.4113	86.1976
115.7867	83.1623
117.1802	76.4347
118.6608	78.4950
116.9787	73.8788
114.4317	82.4825
115.7428	79.0344
113.0813	69.5125
110.9330	67.8366
113.1263	79.3573
115.7800	76.5696
112.0956	82.1424
110.5137	86.1706
111.2993	83.0168
111.6223	80.7600
111.2442	78.7658
110.7881	77.2754
117.5783	87.7987
113.6814	86.5401
113.3146	92.1372
118.8180	93.5306
112.1822	94.6737
115.4687	93.0271
113.0991	88.0087
115.6317	83.1828
115.7618	81.6305
110.2006	79.8730
109.4962	65.6443
112.8113	73.3372
115.6714	79.2471
113.2228	82.2271
112.7179	83.9882
118.1854	81.2474
117.9245	70.8029
110.6290	67.3392
108.7257	71.9064
111.4807	67.3107
112.2974	69.1337
115.7105	82.2113
110.4227	81.7257
111.4541	75.6775
109.4932	75.7615
112.7965	83.2833
110.3401	77.6453
111.7587	81.3458
112.9991	89.0687
111.8490	80.7163
112.8263	82.1016
112.0532	74.0812
108.7122	80.7867
111.3027	78.2338
109.0780	85.7651
110.7928	86.4776
113.9307	88.2835
112.3356	92.9482
111.9442	86.2275
111.0059	79.5269
111.3233	81.5633
114.0521	86.5633
111.0680	89.9413
109.7909	89.9013
114.5153	90.0164
113.0885	84.2464
114.2212	90.1112
113.4252	88.6575
108.9541	84.5346
113.3344	91.9952
112.3537	91.1871
110.5222	85.0506
111.5175	82.9147
110.9597	84.2185
114.1538	83.8363
115.6883	93.3247
111.9392	86.2049
114.1389	80.9129
115.9864	75.3043
112.5327	80.2009
113.1991	83.6705
114.1755	82.6088
114.3015	84.1101
109.3311	79.9683
109.0695	84.3705
108.8433	80.4942
110.3557	84.5235
111.5756	82.4664
108.3529	87.6122
108.2383	81.9476
111.7069	87.8970
110.0592	82.9176
110.3988	72.7356
103.3479	77.8933
103.7675	73.8268
99.6115	76.1064
100.4293	80.3286
104.5041	80.3411
103.4133	70.9518
108.0709	73.4685
105.4086	73.1259
103.9493	67.3265
107.4300	77.7759
106.6744	81.9857
104.4566	73.8730
105.5274	76.4877
107.6773	80.8676
110.3236	79.5387
111.1358	85.0391
107.8539	81.7020
110.5734	84.5386
110.0761	83.5450
112.3098	82.3548
112.3160	84.5328
110.7366	82.5582
110.0429	74.0485
108.3750	78.5779
106.4550	77.3766
113.1057	73.9321
109.4476	79.6606
109.2032	80.9133
108.0217	73.3642
110.4603	72.1086
109.1942	76.0712
109.4135	77.5895
107.3908	82.8533
111.3521	85.2977
111.2981	81.4762
112.8347	85.3685
110.3642	92.2526
110.5479	92.0022
111.3677	91.3631
114.2149	90.1813
110.9823	90.0526
115.6060	88.4591
112.9125	89.4887
110.9611	84.6033
112.4971	80.2330
111.6941	78.6018
111.4931	76.0459
112.0967	80.4880
109.6605	74.6482
108.3624	78.7607
110.8902	89.6332
109.3805	86.1951
106.4359	87.8753
110.2843	88.0926
106.9612	86.7484
106.6179	85.3528
109.1606	82.5826
108.5029	82.7306
105.8896	88.8041
107.5456	91.8924
106.4316	90.1698
104.9399	86.4887
109.0894	83.6315
103.1295	85.3811
106.4459	92.7468
109.5576	88.4464
112.1285	94.9700
107.9666	92.7801
108.6832	93.2494
107.0224	83.2769
106.5699	88.6005
105.7288	89.2917
108.1989	85.7693
107.2363	88.7140
108.0962	84.9039
107.6217	87.4522
111.5808	91.1800
111.4278	93.3922
109.0241	97.3867
109.0365	92.3094
113.4778	94.0241
109.7461	93.1385
111.0356	94.9378
113.6775	91.5353
112.2690	104.0531
112.0222	101.7571
111.5265	98.9250
117.0535	99.1249
117.4595	103.6870
118.6512	101.6552
116.7626	100.9796
116.2657	101.3848
119.3287	102.5783
120.5725	94.1972
115.5942	91.5767
117.1811	92.1203
119.9778	91.4143
119.3977	90.1299
118.0292	93.0230
115.3744	91.4196
120.3022	95.8390
116.9146	95.7954
118.7769	101.7336
119.8840	104.2055
123.6877	100.1635
123.1788	104.5416
120.3749	96.0971
116.8088	91.4639
117.6263	87.7081
115.7063	84.6862
111.9862	84.6624
112.2293	80.9480
115.7697	86.7163
112.5721	90.6127
112.2045	90.8906
113.4349	97.7183
119.8444	98.0281
122.4594	96.3374
121.9150	93.7946
120.0345	97.0205
121.5568	96.7397
120.0181	80.1951
119.3612	89.0385
118.0102	85.0987
117.6027	94.8479
121.7024	95.3295
127.3168	96.9649
124.7788	99.8828
121.7621	88.4437
130.0465	93.4507
126.3620	96.0520
127.1227	96.9149
125.2190	92.2159
129.3018	103.5629
129.0334	102.4889
127.5008	102.0782
128.6898	94.4288
125.7992	102.4685
127.6754	104.5361
125.3511	101.7553
126.0031	104.9016
126.9312	95.3131
126.2877	97.6837
127.4627	94.2051
126.9560	90.3502
129.8240	96.9482
123.8860	85.5126
123.3242	84.4927
121.3677	84.2612
124.5450	84.8628
123.0885	91.6629
121.5190	92.9028
121.6275	83.4559
121.5245	91.0115
121.3902	93.9028
123.5380	85.1678
120.5476	86.5742
119.9593	89.2802
122.0844	74.4602
124.0499	72.9558
120.3370	79.9832
123.8353	75.5513
117.9273	79.1717
113.8836	84.5961
119.4174	88.2724
120.3879	83.2806
116.0943	86.9408
117.5776	92.5612
118.5331	83.8732
113.5230	83.6684
109.3721	82.1990
110.0926	87.6722
109.5864	86.3655
111.6130	84.8105
105.4536	77.1228
108.7212	81.7300
106.2705	80.6775
105.3528	80.1458
107.9715	83.4394
107.8420	83.7410
109.6009	82.1651
106.0251	81.1923
107.1727	85.8373
109.3500	81.2247
108.7221	79.5608
107.2921	82.1663
107.3056	84.1213
106.3593	82.7851
106.9269	86.1937
108.7930	83.4295
109.7175	88.4379
110.3866	86.6617
112.5034	81.6890
110.2966	90.1834
113.9778	91.0808
110.4867	85.1621
114.4243	96.0728
108.4382	86.8359
108.1271	83.6280
106.3712	90.6002
110.5128	86.8219
111.5116	89.1001
111.2232	84.4689
110.1411	81.5948
110.6638	86.9544
111.3236	89.5553
114.6191	93.9682
113.0408	86.9489
114.4991	88.7450
116.3545	95.1884
111.5577	85.8676
112.5301	90.6451
112.1367	84.3113
109.7025	81.1505
109.4418	79.0020
110.9885	85.7039
109.7189	80.6758
112.2372	76.5756
111.1197	74.1128
110.4440	75.8301
109.0000	76.5936
109.9837	74.6822
111.8332	77.1630
110.0882	76.2952
109.1490	84.9559
106.3462	84.9238
109.0588	83.1231
107.3951	79.4349
109.5023	73.1304
107.4961	80.5264
108.9585	84.2620
108.6357	72.6430
106.6101	74.4682
111.4023	76.1897
108.8463	78.1292
107.4943	79.3596
106.8951	76.7499
105.1634	75.6592
106.3789	71.0959
101.2481	68.4691
106.0991	72.5831
106.4032	78.6603
102.8354	75.4055
102.2042	72.1686
101.5921	75.0694
104.2201	73.7498
102.2980	73.7122
102.1736	74.4580
104.0559	79.2173
101.9381	79.5241
103.2235	83.3586
103.5853	83.2597
103.3343	82.5080
104.0333	78.7144
107.2701	79.6511
102.3664	69.6781
103.7970	68.4523
102.7462	77.5887
102.1309	74.9622
105.4975	82.5422
103.4846	80.2736
103.1886	89.5249
100.6592	82.9969
104.5648	82.6960
100.5928	81.6891
98.2402	84.8133
100.5188	86.1683
101.9954	78.6632
106.1975	87.1985
111.7222	81.6789
105.0726	82.9703
103.8747	80.2118
103.8514	77.5691
104.1151	78.5778
105.9910	79.6641
102.5678	78.4341
101.4236	74.7228
101.9510	70.5911
97.4340	73.0981
97.6784	73.3616
99.6563	70.2636
99.7438	75.4632
98.9591	74.5883
99.7946	70.3620
101.3934	75.8299
94.5955	75.7825
100.7066	72.0028
98.8379	70.1279
100.3270	75.5012
100.2434	67.7391
100.1914	71.5642
96.2849	68.8320
99.9206	74.4372
97.6120	67.6388
99.6077	71.4587
98.4668	68.4961
97.7432	65.1250
98.3799	63.8384
94.7083	65.5311
96.2799	66.8886
99.3736	68.0176
95.7424	65.5929
98.8935	64.5421
99.3839	68.9668
96.6797	68.4448
97.9130	74.9924
96.9569	62.2558
98.2356	64.5938
97.1641	67.3937
99.2457	71.7983
98.3003	70.2627
96.1228	69.1813
97.4579	63.5604
101.8116	71.6012
97.5861	68.5162
97.1366	66.4463
99.8876	72.4687
95.8039	63.5790
99.1771	62.5374
98.2817	71.2063
97.2227	68.3164
96.5604	73.3163
97.0952	75.7083
99.0528	78.0129
96.3710	75.0032
98.8589	73.9961
96.6578	74.6527
100.8478	73.2142
98.0361	80.0436
97.6850	73.6534
97.2571	68.1172
96.3872	75.3263
96.7876	74.2733
96.9179	72.5160
96.8758	71.6901
98.3563	74.2409
99.8889	67.7737
98.7626	70.2673
101.0578	66.6879
101.9057	63.2860
103.5825	71.5451
101.6062	67.5799
102.2583	78.0922
97.6183	69.8163
99.8551	71.0954
98.6859	72.3227
98.9093	66.6486
100.0222	70.2330
100.0767	77.9748
96.7207	78.6955
98.8747	77.3591
102.2586	78.1829
101.0672	80.5277
102.2970	80.1493
105.2043	78.1585
102.9288	70.4082
106.0085	76.9393
103.8071	72.6300
103.4302	69.9385
106.8333	71.4676
110.7312	66.5096
106.8050	59.7618
106.2679	65.9721
102.8712	69.4821
105.6572	63.7306
103.4199	64.5708
109.2505	71.1412
104.8795	68.1645
105.3693	64.0088
102.8646	62.8693
104.4744	67.3764
103.2289	65.4825
102.9168	65.5722
103.4068	69.2666
107.5598	65.8804
104.7178	74.0410
106.4822	69.6931
105.7507	73.0281
106.4405	75.7630
108.9580	79.8204
105.9446	75.0455
105.6778	72.0981
107.6230	70.7394
105.7532	73.3525
106.6643	71.6837
108.1591	71.3868
106.9869	76.4908
106.0415	76.5655
109.8005	77.4655
110.4649	80.8161
109.0351	82.0022
108.4294	79.3483
110.6317	84.0431
108.9791	86.8672
110.5164	91.3042
113.0169	90.4755
112.9627	79.2676
112.3081	79.2502
112.0522	81.2945
110.6289	77.5768
110.2667	74.9494
111.2519	83.0625
109.7898	86.8273
112.2801	80.8467
115.3482	74.1420
108.8885	73.9434
111.4886	70.7011
112.3805	76.7778
110.6920	73.5988
107.6502	69.9753
112.0071	79.4405
107.7251	76.7250
109.5304	70.7325
108.1886	84.0553
112.4865	79.0911
110.9354	80.9073
110.0914	85.4745
109.4051	79.6713
107.6720	82.3119
108.2198	86.1890
110.7009	85.6272
109.3202	87.3142
109.5403	92.2374
108.0069	82.6951
106.9386	85.8957
106.4070	86.3655
110.7014	85.8906
113.7730	85.3442
109.5670	84.8535
111.2333	86.9443
110.1311	85.6922
110.1271	93.5295
110.4184	85.3261
108.6543	78.8920
109.6530	80.5458
108.8258	84.3298
112.0662	84.7960
115.4163	89.4563
111.0826	96.2782
110.6813	97.5465
113.2646	91.1758
109.7333	86.9689
110.1846	88.2336
109.1725	94.7482
109.6253	94.7313
111.2164	92.1030
110.7383	89.5033
112.2264	91.1484
109.4340	92.8506
109.2504	86.5295
112.4263	88.9836
113.4188	94.0413
110.5040	94.4315
112.3636	99.6761
111.3594	95.2318
109.7323	87.7349
111.2958	87.4786
110.4024	84.4575
111.4696	85.2553
112.7029	84.3274
107.8518	84.6440
112.2943	80.3791
113.9516	88.8132
111.8194	87.0960
111.3241	84.3237
111.3613	81.9136
110.5397	82.5169
113.6083	84.8097
110.0262	84.4242
110.9645	83.4494
112.2635	89.1154
111.5216	85.2813
110.4728	79.7451
110.3465	85.3614
109.5356	83.0111
111.3320	83.2492
106.5066	80.9294
107.5254	75.2969
109.0460	78.1547
110.5331	85.8456
113.0334	82.9356
112.7322	88.8157
113.6464	84.9194
111.9216	82.6297
111.8323	85.4999
113.5663	82.5687
109.8804	84.5505
108.8159	85.7467
110.5457	87.6588
110.0050	84.3647
112.2493	82.8378
111.6126	80.1061
110.6609	75.5934
113.3808	84.4949
116.8561	88.1831
113.1518	88.7573
112.7995	86.8040
107.7045	81.5878
109.7545	82.5679
115.3853	86.0046
111.7128	88.1467
106.7238	90.8837
106.9579	85.8400
106.0306	86.6088
104.9585	90.2450
108.9696	85.3767
108.1608	87.4789
108.8848	89.6620
109.3769	92.2969
108.8130	97.1902
109.9208	98.0802
109.3537	97.8136
108.7080	102.0778
108.4849	95.5623
106.4603	91.5256
106.0720	91.9626
109.6675	86.9979
107.5086	87.4890
108.5980	87.1854
111.7977	86.2249
111.2686	89.7023
107.1712	84.3175
109.7848	94.6036
104.8616	87.0618
107.6206	90.5584
109.6731	87.4663
107.2545	84.3317
107.4198	89.2358
109.3810	91.6397
106.3775	80.3605
104.9909	78.9871
109.5155	83.8764
108.5915	94.1595
110.6101	89.3172
112.7488	94.3602
113.1959	96.7145
111.5444	97.0902
110.9100	90.2816
112.4006	88.5634
110.8533	94.3332
109.4397	104.8818
110.1500	91.1837
110.9796	93.8104
110.3576	96.7472
105.8489	93.2871
110.5766	87.4613
111.8970	90.8206
112.7228	90.8716
110.6404	98.8493
109.2394	98.0058
112.9850	102.5543
112.3191	103.3898
115.8907	97.8134
116.2232	96.2092
110.4239	103.0177
107.3140	104.6665
106.7853	95.3259
107.5379	84.0355
106.2778	92.4540
106.7379	93.6662
107.3131	92.6578
106.3205	92.6087
108.4385	96.6465
113.3124	96.6324
109.4507	99.0385
108.8027	93.5498
106.0970	84.4186
107.1387	91.0317
107.7186	86.6214
106.6815	90.7620
104.6761	77.9163
106.8578	82.7690
104.5333	84.4807
108.2527	87.8807
105.8088	82.3757
101.0419	85.4956
100.7697	86.9892
104.1163	79.2898
103.0560	89.7434
103.5123	84.1098
102.7542	81.2369
105.2265	87.8680
106.7218	90.7963
103.4659	93.2014
105.8287	90.3861
105.1586	87.3417
102.9586	83.0986
105.3798	82.4159
106.2003	84.3704
103.0111	91.6618
103.6263	88.2537
104.8251	87.6152
106.9724	78.6322
108.6784	80.9081
108.7446	82.6607
109.3664	84.4745
107.8734	85.0643
106.6564	85.9523
108.7957	87.0589
105.9643	87.9227
106.9529	88.1294
109.3565	84.8833
106.4657	76.0254
103.3631	86.6820
104.0607	85.5465
104.2365	79.9505
107.3390	80.6114
107.5595	84.0787
102.6848	81.5531
105.8345	84.7690
105.9656	86.9722
104.5561	83.0507
106.6611	86.6771
106.6728	90.3259
110.7551	85.7954
108.3078	87.5188
108.6216	83.0169
107.2728	88.2266
108.2303	82.1790
107.3185	80.9453
105.4552	83.7071
104.5328	89.0596
108.2794	82.3794
105.8827	89.4085
104.6874	88.3039
106.2766	89.0722
108.1033	99.3681
107.8861	90.3620
102.9950	88.2286
105.0148	84.5878
104.2547	82.4117
101.8745	79.8252
106.9106	86.0365
105.4907	82.7202
108.7910	86.1373
108.6916	83.8765
113.1065	85.9454
111.0034	92.3454
107.6798	87.0687
105.4023	86.8614
106.7277	87.6944
106.6763	91.1982
107.1857	81.5508
107.1296	85.9760
109.4078	85.3627
105.4954	74.8545
107.4664	83.3798
106.0798	84.7887
107.9743	92.5050
106.8466	96.0867
106.6749	88.8111
105.7412	88.5371
107.2347	88.8619
104.7258	87.5889
107.4975	94.4648
102.7346	86.8216
102.2766	90.1801
99.6314	84.1374
103.5054	88.9822
103.8829	88.3046
99.5542	87.7733
101.9481	88.8058
102.2436	91.5866
100.7694	84.1886
100.5233	88.4663
100.6556	85.5080
101.3145	84.9549
99.8259	85.5972
101.3055	85.9339
102.3970	75.0395
103.0458	79.4156
103.6764	79.5254
105.0662	79.2072
101.8479	88.7710
101.0311	82.0467
100.9097	77.0220
100.4067	73.3871
101.7616	76.1977
104.2592	76.6498
101.8668	78.9555
102.2743	78.8731
101.8098	82.0757
101.9909	85.1164
104.0690	81.6755
105.0390	85.5112
104.1749	88.8981
107.1065	83.7857
102.8118	81.6088
103.1588	91.8321
105.5895	88.3185
106.3887	84.8602
106.8272	84.1166
105.1099	82.5504
101.6699	84.5941
103.4802	84.3362
100.3074	86.4259
100.2886	76.7831
103.5287	81.8646
103.4906	78.3959
104.0800	80.7205
103.1294	85.1061
106.1754	91.3922
111.0538	87.2520
107.7132	83.5353
107.0976	79.0035
99.1105	78.7384
102.3181	76.2636
105.4446	82.9831
101.8895	86.4704
107.4623	85.6510
107.7216	77.1009
102.9277	80.1829
103.9764	83.9055
104.4532	77.2031
100.5037	73.6188
101.4887	80.8103
101.8927	70.1439
101.3037	71.4344
100.6001	76.6538
97.8664	76.2979
100.3091	74.6500
99.4979	75.8040
102.3934	80.7350
105.7097	82.9182
105.4773	88.1398
102.9253	79.3582
102.2962	82.3955
102.1777	80.7730
104.9794	88.0807
104.0601	92.4544
104.0413	85.6021
102.1385	83.4750
102.9380	84.5910
102.2858	83.4546
100.9777	85.2331
102.8029	83.8689
102.5311	77.8410
97.6681	84.9718
102.6853	87.6347
104.6143	85.8114
99.8998	78.7778
100.1244	78.0041
104.0850	82.9158
104.8977	79.1798
106.4899	86.7758
107.4433	84.0632
108.0868	79.4879
106.4522	88.4243
109.6523	84.1756
105.6490	83.5616
106.2395	93.1421
105.4249	91.3829
107.0617	93.0806
105.8666	94.2987
106.2283	97.7794
107.9073	89.7051
106.1422	87.2334
105.6855	81.7175
108.1075	86.0379
109.4366	85.1285
107.1963	83.4790
105.8162	85.3985
107.0904	82.9659
107.0859	88.1585
106.7910	87.2837
106.9667	84.3556
107.7915	81.2017
108.4506	81.4140
108.6955	75.8889
110.8421	73.8972
107.5704	76.1131
107.5082	85.4352
110.6676	89.8902
107.6904	89.3652
109.6816	97.6147
107.6005	93.8840
107.3406	95.5550
104.9429	91.7592
109.9902	94.8338
108.6678	87.7491
106.6172	88.4444
107.0578	88.1179
106.2093	89.3944
107.9728	91.9627
106.4813	86.7680
107.1266	80.2510
106.6979	82.1954
106.3124	86.3846
111.1882	83.2365
111.9584	89.8301
111.5406	85.8514
105.4808	80.7454
103.1248	87.6531
102.5473	86.6276
105.7676	84.9587
101.3016	78.7604
103.4433	84.7599
103.4251	86.8671
104.4863	85.9240
103.9441	77.3606
102.4499	75.2075
103.0723	78.7090
105.2147	87.1696
109.1039	87.2919
102.7392	83.5514
104.8560	86.4206
103.9252	84.8004
105.6661	87.1574
104.3933	82.0069
104.5801	85.4443
104.8925	84.4288
101.7537	85.1209
102.1145	83.4995
105.1051	87.9366
106.1349	82.6056
108.6741	83.2727
102.1652	76.7690
103.9682	84.5816
103.1743	82.4167
104.7159	81.0128
102.8711	82.8768
105.1061	80.4249
105.1838	80.6295
105.1301	82.7592
102.3337	84.3014
103.0182	83.0901
105.6596	87.2378
105.3857	81.6447
109.0833	89.2405
111.7302	86.6058
110.7645	90.1980
109.6328	93.3193
111.1125	93.9613
112.7390	94.6516
110.7299	84.4379
109.6169	87.6897
108.8396	83.5536
107.1836	86.6607
107.1424	88.4965
108.7739	83.2322
110.4815	93.2889
112.0365	90.1047
110.4292	83.8720
114.2835	84.4747
110.3816	85.3783
112.1253	87.2452
112.5520	92.2461
109.2452	93.8567
111.5811	85.3109
106.4709	89.0949
107.7028	88.0927
109.7472	86.9257
109.5573	86.8205
110.3732	89.1093
110.2582	85.4239
111.8439	88.2678
111.6771	88.4269
111.7819	96.3963
109.7684	96.5448
107.9786	95.3735
110.4804	92.8585
111.0098	93.2917
110.8742	84.3993
109.4311	89.5816
110.5807	91.8850
110.6196	91.0140
111.0924	88.0821
110.3881	87.8230
110.6547	86.0771
109.1905	87.4969
112.5818	95.3051
111.1708	94.5485
111.8773	95.2335
109.3447	91.2477
108.9557	92.0531
112.6528	95.0586
113.3663	89.0611
113.3117	91.4699
111.2767	88.6473
110.8278	93.3964
111.4563	83.5856
110.5856	84.0756
111.2102	82.4773
111.0149	85.3426
111.0127	83.5568
110.2442	79.1821
110.7193	90.5101
113.4822	84.5412
110.3715	68.2827
111.8109	71.9684
111.7923	71.9686
113.4694	73.0162
109.3911	71.7796
110.9714	74.9058
110.6962	69.6451
112.5445	69.6446
111.1794	73.0238
115.2932	69.1216
113.8858	64.5441
114.3767	69.6356
117.1169	61.2447
117.3208	64.3698
122.0195	75.7145
123.1488	73.5358
119.6351	72.2560
115.8338	76.1599
114.9312	72.4064
116.2544	74.3706
113.9501	74.4064
116.7159	74.0719
121.4470	72.3481
115.1805	60.9204
122.2989	61.5218
117.0817	66.5808
114.2974	66.4633
112.7202	61.4864
113.7592	60.6178
113.9589	61.9824
111.7328	62.1395
115.1827	56.3025
114.4315	60.6201
113.9424	61.7747
112.2462	61.5669
108.8437	65.1911
112.5892	62.1790
115.9023	60.4115
113.9151	67.7026
112.5463	67.0990
110.7795	70.2029
115.3803	76.8520
113.4404	72.3086
116.1369	78.0177
116.6125	75.7392
118.2113	81.2830
116.4396	77.5247
118.5927	79.9939
114.0858	76.1911
114.9473	78.0273
115.3828	77.5102
115.1655	76.1617
118.4420	82.5927
121.3176	76.7055
118.9318	74.1679
118.7433	69.4682
115.7680	71.4522
116.6441	72.7602
115.8613	74.2656
117.2160	70.6336
116.0884	74.7362
114.4407	79.2947
113.0533	69.6543
112.2065	71.9617
113.9631	71.3625
115.8990	70.4513
117.1159	80.1114
115.8710	77.1989
111.2020	73.5090
114.3323	69.3672
112.1979	67.0572
113.4254	66.4794
115.7578	72.0595
114.1725	69.7957
111.6233	75.2002
116.1092	77.3952
113.5190	65.3936
113.0281	74.3349
112.9584	69.5735
113.2818	80.5285
114.7329	69.4278
114.6173	78.1075
114.7136	73.5689
115.2987	74.1850
113.0402	75.7168
117.2150	70.6241
116.2448	74.4984
114.7152	73.8184
112.2390	63.9650
113.1763	71.2351
113.1920	65.8720
112.4200	65.2291
110.7974	64.5257
117.2628	70.5421
114.8674	78.8923
114.3372	64.9420
115.9542	74.3419
117.4569	76.5303
117.3183	78.0199
115.3839	75.7760
113.4327	73.1656
110.3603	74.6919
113.4487	80.6725
114.1928	77.7962
116.2404	83.0351
116.4179	75.6320
116.0687	79.9397
114.1604	69.8716
115.2049	71.4072
116.2989	76.5605
114.0914	73.7102
118.0841	76.2615
115.3419	71.6669
114.2632	74.2643
115.9147	71.4279
118.3289	68.3270
117.2082	70.9081
112.8063	68.7321
115.1611	69.5615
115.3878	69.6502
115.5660	77.2307
116.2907	72.0190
117.8813	68.1625
116.6161	76.8789
117.0416	71.8583
119.2187	69.6297
117.4249	68.5324
114.4024	67.1500
118.8709	75.4709
117.4972	73.2132
120.4830	79.5593
121.8794	76.9280
118.5750	80.3384
119.3978	70.2235
114.2376	69.6656
112.4355	65.9439
114.1399	69.3555
113.1583	64.1644
117.0028	62.7266
115.4291	67.8320
115.6106	71.1165
116.1192	69.5560
115.9503	68.1929
113.7296	62.3108
114.7681	70.1791
113.5581	66.2212
113.0220	64.1026
115.6292	56.0488
115.2683	66.9591
116.4941	53.5943
112.7979	59.9577
111.6356	66.4680
114.5979	60.7474
111.9816	63.2119
117.3595	66.6941
118.9328	68.6367
117.8319	68.4295
118.6756	63.8772
117.5508	60.5600
116.1622	67.0650
120.7206	68.3150
116.4580	78.9243
118.2582	74.2134
114.0028	71.7481
116.7179	72.4706
118.4773	75.1322
120.2730	77.2353
120.7557	75.6412
118.9662	78.2965
117.5205	75.5720
119.7407	70.5271
122.2760	73.2614
119.5315	73.9992
119.4176	66.6809
124.3078	71.4000
120.3937	73.1742
118.0396	68.9893
120.3128	74.1883
120.5280	77.4606
120.2114	74.8093
122.4609	77.6986
121.4371	77.2166
118.9519	77.3865
120.0018	76.3569
116.8051	79.4128
120.5361	77.1072
123.3292	77.7750
117.5016	77.3332
121.1852	69.9290
120.3592	77.0283
122.4359	78.2234
116.0989	77.8165
118.9546	79.8336
115.2256	76.5838
114.5630	77.5224
117.3022	71.8047
118.2722	75.5317
116.6324	68.7775
119.5772	71.5821
116.4142	68.2170
117.4187	70.8524
118.4027	73.7523
117.1150	67.0310
116.7783	79.9159
121.1932	80.9118
118.6039	78.0054
120.5053	66.9626
119.9013	76.5839
120.7080	81.8189
116.9628	87.9042
114.5940	81.8989
116.5383	77.5228
115.0056	78.2665
116.1281	85.1520
115.2853	78.8302
117.7379	77.8595
117.8969	72.6005
119.2158	75.5703
115.3262	71.5323
116.5798	72.2577
113.4802	75.8562
118.0977	70.2774
117.1105	70.7541
119.5279	70.0802
118.7533	80.2124
122.2995	76.8154
115.8201	77.7368
114.1067	72.1519
116.9599	76.3655
116.5040	72.2405
114.3466	74.9071
116.2907	70.3576
118.1356	73.9891
116.2052	74.4374
116.2689	80.9101
118.2000	72.5735
119.2526	78.3956
119.6579	76.3170
117.5722	79.7314
118.3880	80.7123
117.1426	84.5615
112.9566	68.5379
114.0460	73.2491
114.6242	84.7228
112.9606	78.7191
115.5146	79.7650
114.2511	80.6001
113.9653	77.8108
113.8811	84.4847
115.1828	80.8343
114.9724	79.0885
115.3203	71.9539
115.7544	73.3633
114.9480	71.8356
118.2970	69.7608
119.5974	75.0488
117.7039	70.6056
119.6954	81.1127
117.5434	77.6590
121.2777	76.3369
119.0061	71.2904
115.1179	70.9720
114.2412	71.7550
115.0503	69.4374
112.7556	68.6801
111.5630	69.9362
114.5514	73.3523
117.6809	74.6547
114.7526	76.0911
115.7313	77.6968
116.2594	77.5022
116.7778	74.8418
119.4962	70.6537
121.0900	68.0588
120.4487	70.7572
120.1006	75.1719
120.8595	75.8130
121.2466	72.3738
122.7643	71.7690
116.3267	74.6095
116.5479	75.3191
116.9096	78.5063
117.6633	77.9001
122.4010	75.6445
118.7847	61.2474
117.7464	66.9291
118.6143	71.9861
117.4514	78.2524
120.1336	73.7810
120.7348	67.6554
119.9321	66.9018
118.4469	73.0400
119.3534	71.1232
124.6019	71.5604
123.4904	74.5152
118.5305	73.3846
120.0636	69.3810
118.8002	77.4976
120.4002	73.3999
120.3489	76.4728
118.7034	71.8864
120.0240	74.0107
120.2344	72.4039
117.2280	70.6529
121.4185	75.4381
119.2065	78.7194
120.7928	82.5717
121.5517	80.3144
116.5423	71.3515
119.2977	74.5831
117.2168	74.4281
117.9891	78.5961
116.0692	67.2748
120.3251	81.2354
119.2559	75.6899
122.0645	67.4188
117.3549	62.9853
118.6348	75.2403
118.0072	74.4544
118.9678	78.0974
123.3551	84.7773
117.4496	83.1130
120.8259	75.9747
122.7136	82.7476
120.3875	80.0947
122.3479	78.6700
119.0794	71.1627
121.1056	85.0558
124.7673	82.3278
122.1000	84.6521
117.9979	88.1392
120.9940	78.8294
120.8204	78.4956
118.0788	74.0478
121.1490	73.1963
118.8966	80.0425
121.6580	76.7092
120.9098	76.6486
121.4836	73.2467
123.9486	72.0067
123.6001	75.0706
122.1298	76.4588
121.3365	76.5921
122.8312	74.2886
122.3435	73.1849
123.4536	72.1719
121.2139	70.3781
119.7680	69.5832
119.6966	66.1226
119.8922	65.7613
124.7595	70.7274
123.4877	72.9533
123.5042	70.6262
124.4066	73.8840
120.3934	70.3546
122.0129	66.4425
123.4746	67.4087
122.7113	68.5005
121.2007	72.9731
119.9256	71.7583
122.3997	68.4232
123.1933	75.7701
119.4026	74.3713
120.2363	76.5665
120.4811	75.3970
121.7334	77.1042
122.4340	71.6909
120.2929	71.1507
120.5241	71.3270
124.4484	70.5251
125.1457	64.9697
122.6912	63.9998
123.8529	66.3294
124.2307	65.8210
120.6729	66.3161
121.1820	69.7419
124.3120	69.2799
120.0326	69.8147
120.0670	65.2878
118.3448	68.0594
120.3371	62.3823
122.2956	62.9660
120.0380	63.8259
120.8395	69.2972
122.4057	73.0334
121.0741	55.3846
121.3227	64.6127
121.1086	68.6212
118.1665	67.8140
119.6167	65.1323
118.6860	61.3153
117.0694	61.0436
115.8635	57.7198
117.9899	66.1869
119.4486	71.5379
123.8265	72.5838
121.7349	67.3771
122.2212	69.2982
122.8509	62.1339
119.0304	68.1206
116.7108	61.7721
120.5059	68.6476
117.5831	68.3051
120.2405	62.9936
120.5427	62.3903
119.3255	64.1474
119.7121	67.9491
120.3957	61.8616
119.6789	66.5694
119.3582	65.5213
119.5107	61.6147
119.4977	73.2011
120.2486	64.6177
120.7510	76.9301
118.5120	65.2685
120.9679	68.8669
123.1184	64.0997
123.8750	70.6169
124.0277	80.3513
118.9909	75.8920
117.9247	76.8070
115.2974	71.3337
117.4682	66.2277
117.4617	62.6288
118.0168	62.5423
118.8036	64.6668
119.4564	60.0874
117.4920	68.5056
119.0321	68.6955
120.5900	66.7414
120.2586	67.6178
123.4539	66.2134
120.4025	69.8122
121.1369	70.5595
121.2325	75.0237
121.2165	78.6326
121.6820	77.1131
120.4315	71.2479
116.4365	70.1688
122.2320	67.1767
118.9492	68.2781
119.6879	72.4358
117.2428	64.7081
117.9515	63.6900
120.8441	66.9979
116.5530	64.0932
116.0018	73.3351
118.3490	64.1332
114.7027	63.7271
116.7013	63.6597
116.6228	58.9195
115.9531	61.2650
117.3016	69.1037
115.1247	65.0802
113.3007	58.5976
114.9061	71.7138
113.4343	65.1465
118.9660	61.4207
114.8360	70.2889
116.9666	63.6082
113.8159	66.7806
115.5909	65.9943
115.8624	70.8584
123.0754	71.3249
122.6938	79.0969
120.8090	75.7040
120.1652	69.6577
119.5738	64.2401
115.8136	65.8878
120.8590	70.8973
118.6366	70.2935
116.1924	66.5987
118.7864	73.0329
117.6504	72.7814
118.4466	71.6733
119.7921	73.1882
120.1537	79.0050
117.1168	73.9884
119.5081	70.4111
118.7233	71.7937
119.7395	69.4807
119.0034	67.4016
118.2424	67.8321
118.6786	62.1504
119.1330	64.0669
115.8484	71.4580
119.4820	65.8635
120.0572	70.8710
121.7515	66.6419
120.9604	72.3454
120.3428	79.1423
119.9341	77.5457
118.2064	78.8490
121.1379	79.3779
116.1244	77.3599
122.2347	72.1846
123.5231	68.3377
121.3923	69.6004
122.6414	69.0976
124.4965	71.7643
109.5232	54.8253
114.2393	62.7423
114.1233	63.2331
114.6268	62.4594
117.9712	67.9892
116.2983	67.8255
114.4243	68.6920
111.7699	68.2105
115.1083	67.3010
115.2011	75.8188
117.3653	68.4322
115.6243	60.9664
114.1902	62.2154
112.7916	65.0181
109.8338	62.7489
110.6690	60.9262
115.8199	60.6612
112.7579	60.0723
112.5704	49.5504
115.1367	56.5291
113.1320	51.7210
116.6575	61.6481
117.9610	66.4452
117.8484	58.4834
115.2241	67.7919
111.0530	60.1502
115.2595	59.6503
114.7236	59.2851
114.5060	57.2526
116.5036	58.8480
117.7687	63.3885
118.9536	64.0680
118.8779	72.0309
121.8465	73.2735
121.9201	72.5742
120.6171	71.2597
116.9980	61.2861
113.2173	70.0735
112.9898	61.2385
112.9264	64.8140
114.7260	60.8036
115.9967	55.9634
115.8506	57.5320
115.4593	51.8127
115.3672	60.8115
115.2975	65.9280
114.5131	68.4726
116.1586	66.5208
118.3739	66.3248
118.3063	63.8674
120.4393	71.2729
117.2752	79.5946
121.0441	74.3769
118.8739	73.5350
113.7280	73.7820
117.2886	74.5699
119.6485	69.8258
118.2669	72.1177
118.3257	72.9166
118.9885	66.3388
114.8947	61.4165
119.8893	65.3499
118.4997	73.6866
116.0567	72.9263
115.2478	65.5477
118.1121	71.9760
116.3111	66.6488
114.8908	64.2121
117.3582	60.2910
118.9743	65.7136
118.1262	73.8838
121.2774	75.0753
117.8191	69.6392
115.2253	68.0792
117.7459	74.6088
115.3640	62.5847
114.6708	64.1839
115.6779	66.0656
118.8274	65.0261
113.7021	60.8350
115.0777	65.4281
116.8076	62.1240
118.7780	68.5456
117.0915	67.4341
117.3007	67.8261
117.0294	72.8442
118.6916	75.9143
117.3336	63.6006
116.5485	64.5164
117.5634	63.7619
116.7603	65.0401
117.3582	62.6134
117.0812	58.7784
113.7654	66.4571
114.7950	65.5720
113.5170	65.8575
117.3739	70.0905
117.6917	66.7167
115.4917	57.8324
114.4754	54.5343
119.4430	62.6085
123.9883	60.5964
123.9533	66.8672
121.8070	66.8115
125.0622	69.6591
118.7665	63.3948
120.3787	70.5572
115.6832	59.9356
119.4769	63.1638
117.0400	65.0060
117.8089	61.2743
115.4647	59.3712
115.7685	61.7518
110.0060	59.8963
112.4405	60.2045
114.4525	68.2391
115.1047	72.2630
113.8629	63.3476
117.5408	60.1920
115.8640	60.0971
115.1600	58.9088
112.5542	61.1181
111.3225	63.6812
114.0681	60.2689
115.0921	61.9502
117.6620	59.7437
122.3197	64.0605
117.9322	57.7986
116.6271	57.9530
114.8520	57.8569
114.6548	56.6733
115.3622	62.2834
114.8896	60.5370
111.8868	57.2094
117.3217	59.8581
118.1866	57.0836
118.0252	56.9703
117.1424	61.6194
114.3439	52.8564
115.6543	57.8209
117.9724	51.8708
116.5537	54.1250
114.2290	55.3989
114.6556	54.5146
117.0582	55.5426
119.1914	54.9029
119.2680	51.0467
121.4316	62.0688
121.3002	55.8068
119.8839	54.4052
118.8044	56.5480
115.5282	58.6076
114.4321	56.7681
117.3632	58.8920
116.9789	58.5112
117.3873	54.0351
116.2990	52.7924
117.9595	58.3248
116.6938	58.2464
119.8084	58.2834
116.1287	59.2892
120.0474	64.1368
121.8740	67.9123
122.2593	66.8341
118.5261	62.3718
119.3678	55.4476
118.0827	64.2667
116.3904	60.6421
124.2089	64.7075
123.2162	59.4117
118.4507	66.7451
120.4579	64.9647
122.5140	66.7618
121.5086	65.1957
122.3809	63.0409
118.6261	63.3502
119.5942	63.2699
120.6181	62.9331
116.1937	61.5338
118.8926	55.8647
112.3770	52.5908
108.5221	50.7651
110.6871	50.2151
109.8146	50.1058
113.8393	52.6043
111.7910	51.5108
112.0286	49.4933
113.1333	46.8818
112.6864	50.8921
113.9776	49.8583
113.7883	55.7282
116.1141	57.3811
114.1230	60.3773
112.7200	57.3132
110.8432	51.1925
111.3020	49.5587
109.3618	51.9023
109.6233	58.4764
111.6541	56.9595
113.0502	53.0647
115.2941	54.8093
113.8775	55.8292
110.5813	55.4835
110.1082	55.3550
108.7015	50.8708
110.2920	48.8561
106.1548	48.6960
108.8962	49.9711
107.3898	51.8387
107.3208	57.8049
104.8094	56.3453
109.9121	55.6523
107.0046	59.7274
108.0100	54.8444
109.8143	55.8750
109.3871	56.0713
109.4571	56.2523
109.0214	61.9790
113.4074	63.4285
112.0907	65.6153
109.0169	54.4125
109.0048	52.3892
110.1487	59.6773
112.7308	62.1684
106.7505	48.6020
107.3451	44.5801
109.1373	45.7961
109.5788	51.3281
108.1580	49.1236
108.0545	45.3560
111.1207	48.0027
107.8321	50.2446
112.3216	53.2682
109.7795	57.3171
111.2088	56.3952
113.1110	55.2763
112.0712	56.2744
116.6036	59.6194
115.7555	60.0573
117.8488	62.4048
120.1473	59.9916
118.1730	60.0399
118.8081	63.0550
115.0741	58.0967
118.1160	62.3667
121.6732	61.7687
118.4871	64.7995
123.9148	67.8904
123.1664	64.7839
121.1529	58.5039
120.6416	65.9765
118.9793	60.6854
120.0893	61.7115
120.7525	61.5298
119.6934	67.3937
119.5890	72.0148
118.8338	60.0930
118.8045	65.0592
120.4931	62.4519
120.4140	64.7376
121.0316	65.6818
120.4076	59.5753
120.5340	62.1139
120.2679	56.9294
121.9441	61.1882
120.4300	61.9819
117.7049	64.7892
119.3255	70.8439
116.2967	74.2884
118.7481	79.5517
115.9226	75.3505
118.9778	69.9598
114.9917	72.6708
116.5136	71.3466
115.2287	77.4097
116.7468	75.0344
117.4720	73.7459
117.7624	77.3441
119.8792	91.6183
115.9220	78.9493
115.2646	81.2359
117.5773	73.8421
117.6999	72.1907
114.0117	86.6594
115.8905	74.9516
116.8567	77.2921
116.4365	75.9654
116.3202	83.1464
116.2948	76.6758
114.4428	69.7401
114.4773	78.2966
114.9847	75.9525
118.4500	74.0054
117.3554	76.3550
112.1802	71.6849
116.2146	68.2063
114.9009	74.1796
115.9487	75.2297
114.4099	75.1981
114.2728	68.1986
117.6335	71.4238
116.6944	72.6969
114.1296	75.0412
113.4071	81.5214
115.5001	85.1709
116.5404	73.4290
116.1278	68.4705
116.3540	70.1561
115.1983	65.7331
117.2204	76.6237
117.3785	74.4038
116.0672	76.5031
118.9248	78.6260
114.8054	75.6393
115.6257	70.8495
116.6509	80.5386
115.7804	85.1421
117.4134	75.8831
119.0185	80.2549
115.9005	68.0529
114.1097	67.7344
114.9027	73.4989
113.9076	71.1899
115.4153	73.3885
114.7921	78.3810
117.5262	77.7510
116.9669	81.3042
119.6572	92.8405
121.3618	84.7764
120.2918	83.6849
118.0437	80.6383
122.8061	73.2728
120.0799	74.1392
115.6252	84.0496
118.9284	79.1061
119.2934	80.3485
119.8246	91.6917
118.6753	91.6962
118.8270	84.9879
122.0970	87.1605
116.6805	87.1017
115.4730	91.2929
115.6146	79.4053
115.4526	85.5378
117.5861	92.9251
119.3287	92.8635
123.8806	101.0437
119.0932	104.3733
123.3808	91.9086
121.7796	98.8549
121.0217	87.8126
119.8518	95.4910
120.9213	100.4015
119.0003	89.4631
119.5349	90.4617
118.0825	85.6846
120.5215	90.8265
118.4074	75.0718
120.2465	76.3205
117.2597	75.5083
122.2267	77.2464
121.3802	86.6739
123.3431	88.5667
120.8288	82.3678
122.3345	73.7108
122.3996	87.9179
121.1230	74.9070
120.2228	65.7580
116.9557	64.3209
119.1731	67.1566
117.1789	67.1783
115.6616	60.8980
121.7021	59.7073
115.2344	65.2739
113.2348	62.7629
116.2046	65.0562
113.8595	60.6857
112.0359	60.9711
111.3482	62.8306
115.1698	64.1253
113.7936	67.9010
115.1874	72.4893
111.8069	79.1164
111.6444	74.3980
109.6409	70.6184
111.8772	73.8851
114.9231	79.6833
112.7329	80.5522
113.7781	79.6179
110.7867	84.0634
109.0716	80.7331
109.8099	83.8345
112.7282	89.3032
113.1646	94.6303
110.9342	86.4357
112.4147	86.8823
115.0993	83.4161
117.8102	79.4262
119.6840	91.8980
117.1945	92.0925
116.8517	86.2587
117.8828	90.8628
121.4864	98.4131
119.1404	94.6875
120.8777	93.4536
116.7385	87.5864
117.4872	87.6291
120.0177	90.8896
113.7905	76.9028
115.5991	88.7979
115.9507	92.6925
116.7511	86.3451
115.7741	85.4935
116.5351	91.0439
116.7015	102.0996
116.6356	84.0892
117.5794	81.4413
116.6523	90.4825
117.4672	89.0680
117.5341	93.5325
118.8577	98.5147
118.5020	99.6705
118.0750	94.1750
120.3858	92.8023
120.3873	91.0627
121.2221	83.6777
118.1672	80.4630
121.3119	80.3815
123.5470	88.3114
122.6910	99.3571
119.8199	95.6885
121.9048	89.2991
120.5283	88.7087
117.9388	86.1724
120.1592	92.5303
119.5247	91.2944
119.3803	87.4932
118.5076	83.9500
119.0697	89.5038
121.5887	100.2699
121.7429	101.2777
124.6222	114.7975
123.2079	115.3963
120.5913	106.0095
122.5322	112.6750
119.7188	110.2676
122.2280	98.0719
121.1104	101.8898
118.9837	100.5678
120.3485	96.0690
119.2617	91.3916
117.3750	94.7249
118.7472	88.2663
117.7824	89.6021
117.4584	79.0906
114.9433	84.7794
118.2076	92.8288
121.1374	89.7523
118.2674	99.9987
122.2274	102.5990
119.5425	101.6513
116.6197	102.7452
117.8113	105.8662
113.3913	96.4568
114.9690	97.2817
118.4034	103.1273
116.6687	97.0502
117.1426	98.4083
115.6247	91.6156
115.5778	88.1093
116.9042	91.1897
116.0240	99.5534
118.3653	90.6683
120.8567	87.9735
114.4783	90.2357
117.7960	88.7967
118.3199	81.3068
119.3616	95.9706
118.6406	106.4559
120.2124	98.7545
116.0306	92.9920
118.0968	88.5454
117.1607	88.9312
117.9010	82.7630
118.8889	87.4726
114.7029	90.3474
116.7124	87.5080
118.8771	89.5191
118.0219	83.5408
114.4149	83.6321
116.8727	88.8638
116.2533	80.3108
118.5301	73.7877
120.6520	83.3155
116.6555	88.0560
117.2066	94.0374
117.5974	84.8945
117.6939	92.9768
117.0408	91.9850
119.4527	84.8481
110.6633	67.2083
107.9736	67.2107
109.7316	62.4192
109.4019	61.6841
110.0235	62.7243
114.7661	71.9482
116.2038	74.3774
117.5661	62.2953
112.7205	65.1233
114.7612	69.3932
114.1053	74.6411
114.1017	75.8946
116.0252	79.3169
112.7147	77.9425
108.9540	71.0590
112.8830	67.6760
111.0074	72.0357
115.6817	65.0469
113.8512	68.2669
113.1299	72.3767
117.4423	74.5843
112.3364	70.7165
111.3851	64.4037
113.6900	63.2943
110.3255	61.8803
109.3118	63.8322
113.6742	55.5035
113.3972	58.6119
113.9925	58.1201
112.4716	56.5879
114.9762	55.9742
110.9971	58.6347
112.4970	58.3566
112.0107	58.5624
112.6266	55.3489
112.1922	57.0031
113.4230	61.8596
116.6508	58.7967
115.2763	53.0814
114.7306	53.7022
112.8724	57.4975
112.7757	54.5663
114.6669	54.0360
112.7076	55.2255
114.5577	57.7186
115.6148	58.3653
112.2695	60.5958
116.2511	67.7914
117.3597	63.2942
117.4297	59.3136
112.3757	62.5657
114.5031	59.9296
114.3425	63.7937
115.4244	67.9462
113.3312	68.9745
114.9607	68.7776
113.8990	62.4228
111.5370	62.3711
112.5300	62.3691
112.4613	60.4305
111.8363	65.5047
113.8453	65.3180
113.1274	67.9005
113.8972	64.5829
112.6600	65.2621
115.0900	64.2809
111.0863	61.3876
114.5257	61.7200
114.8888	67.9171
115.0445	59.7094
112.9058	57.0481
109.6335	60.8967
112.2257	64.4149
111.9918	64.2439
113.8742	63.1376
116.5717	60.9717
114.6842	68.6402
115.5518	77.2913
116.5562	86.4112
116.6216	78.2165
117.3766	81.8174
119.0799	80.2178
120.1694	75.9421
116.0936	70.6096
116.0802	69.3721
121.9161	71.4122
117.5782	82.2837
114.1875	79.1466
115.1958	77.9491
115.7186	82.9420
116.4128	77.4795
115.4613	74.8012
113.3534	72.0365
112.6977	72.2237
112.4937	80.7035
113.0702	76.4432
114.0694	75.1490
117.8359	70.0517
114.1926	68.5320
117.0362	74.7682
117.4132	69.0842
114.4064	65.8668
113.7231	65.4206
113.2821	72.4940
115.8432	71.3279
116.4088	67.2375
111.8497	74.6612
114.6355	72.1438
113.8072	74.7090
116.8256	80.6971
114.5285	77.8866
111.5544	77.3154
113.2860	71.3065
115.2857	73.8736
113.3563	71.4798
115.6690	68.9332
115.1516	79.2309
115.8565	73.0265
111.5046	80.7011
114.7142	78.2375
114.8321	78.3094
114.5451	78.8430
117.5414	77.9599
116.6708	77.5348
116.5925	78.0555
113.6636	67.0287
114.7028	73.5387
112.7791	78.1373
115.5051	66.7831
113.0667	69.7015
115.9502	73.2919
113.0017	67.6196
113.1519	66.7661
111.7801	75.2832
114.9471	71.1042
115.4969	66.1950
113.0234	72.9870
114.5244	69.4040
114.5448	65.5900
113.9659	68.6093
115.9597	74.0486
115.4551	74.9498
113.8301	79.3010
113.2261	70.9427
114.5422	75.3936
115.0493	80.8310
113.0557	81.3653
115.8778	82.4024
115.2702	82.7815
117.7476	77.4105
117.7727	84.1556
121.2798	78.8708
120.6134	80.7346
117.3359	81.6598
120.2734	78.6115
121.4479	78.9688
121.4305	82.2126
121.5612	84.7261
120.4689	77.2870
116.9812	76.7926
113.1349	72.0723
115.5209	70.6753
112.4383	75.5782
113.9680	77.3498
114.4773	70.7312
115.9823	71.7311
113.9978	72.9212
111.6644	76.5509
111.9205	72.1510
114.4738	68.9556
113.8336	75.5266
109.0173	70.1739
111.7984	67.7078
110.7647	68.0544
108.8549	65.1453
111.0354	68.0661
112.7046	71.6542
113.2500	67.6995
113.8213	74.5284
111.9181	69.5604
110.1204	62.9626
114.2097	65.4662
115.8809	65.4690
116.5755	67.9876
114.1628	64.4488
115.2123	68.2648
116.2245	67.2960
113.7132	67.3016
109.2749	71.0007
117.5993	71.4652
120.1654	70.7001
119.2482	72.4943
119.4436	69.2064
119.1751	73.6073
119.9481	71.5362
121.7658	73.5198
120.1411	67.6354
118.1683	70.2821
121.1442	65.9277
115.9449	70.7884
119.2639	67.4669
117.1675	77.0976
118.6655	72.8296
118.7523	68.4501
118.2757	70.9435
121.8192	67.7233
118.5733	67.8467
120.5670	74.7758
118.0830	62.1889
111.3824	58.1381
115.2938	69.7170
116.3286	68.4520
116.7778	64.1638
117.3075	64.6882
115.1420	59.2410
116.8284	61.6910
116.8661	66.6756
117.9397	66.4746
112.5807	65.1094
112.8480	63.0773
115.2455	64.2185
114.5266	61.3726
113.9876	60.4298
114.0799	63.6487
112.7522	64.4652
116.9315	65.6543
114.6873	75.2710
117.3139	72.6309
113.4223	75.1899
113.8653	71.0236
113.4355	67.6916
114.0723	69.9387
111.5277	73.5160
114.2541	62.3130
115.5127	70.4238
116.3133	71.2440
117.6975	70.6088
119.6136	65.0289
116.4271	64.6878
115.0018	69.0426
114.6031	68.7336
114.6820	71.1550
116.6763	71.6076
113.1261	66.0946
110.2309	64.3924
112.7212	64.6518
111.3483	64.2165
110.7570	60.0100
110.1990	62.3273
110.0972	63.2837
113.7292	61.5476
116.8423	71.8639
114.7657	67.3853
114.3266	72.0962
112.8924	68.7704
114.8915	70.6553
117.7364	70.5645
116.0850	68.5000
117.1397	67.4075
114.5305	64.0754
113.6967	60.2079
113.4093	59.9852
113.2382	61.5404
114.0290	69.6980
114.5663	70.0290
116.5377	71.1212
115.8911	77.2771
118.2354	75.9212
115.7465	72.6540
113.9669	69.0501
114.5613	73.9716
110.5099	71.5110
116.0255	64.4411
116.0253	69.8022
118.1030	72.8680
116.5823	67.4948
118.3471	68.9049
116.2729	67.3991
112.3355	61.5295
115.5172	67.0304
116.3181	61.4564
114.9896	58.2450
116.1711	64.1831
116.0677	60.3660
117.6480	68.2376
116.0258	62.1203
114.2309	68.2745
114.5509	70.2064
112.8423	67.3775
112.8703	71.4958
115.9367	73.5386
114.1740	70.5094
114.7217	75.5632
116.9152	73.0043
115.4277	70.5116
116.3279	75.8461
115.5918	79.6311
113.4762	74.0773
117.6424	69.4170
116.9657	66.9898
114.2540	73.2374
112.1979	68.3041
114.2496	74.9085
115.2775	78.3560
114.2739	77.7531
116.7475	77.9365
110.1929	71.3659
109.0027	68.4872
111.3569	71.2329
109.1409	68.3198
106.8410	68.5010
108.6520	69.5699
110.3556	74.1330
112.3755	71.4501
113.3354	75.0558
114.5584	64.1024
112.0048	71.0100
112.5723	71.3722
112.1733	67.7553
117.7577	69.2984
113.9989	67.9537
111.5928	66.6954
110.1382	65.7300
115.7208	67.7989
117.3710	64.8250
113.6066	61.4234
115.7243	67.5298
118.7783	70.1354
114.6227	62.0823
115.5621	59.3262
116.2019	66.0904
114.5908	69.7312
115.4765	64.0089
118.8177	68.8651
120.1565	72.1336
116.2217	67.2385
117.3298	67.9073
117.6278	65.9687
116.4965	66.4235
117.8093	65.0323
117.6667	66.7665
117.1093	62.3686
112.3662	62.9402
111.3207	65.0868
111.7526	62.5057
113.2408	68.8935
114.3056	62.5083
110.0222	64.4421
113.5144	68.9358
111.6680	66.2658
112.3399	66.3901
110.0777	61.7425
109.4891	65.2649
114.3230	64.4987
115.0163	65.6355
116.8702	62.3329
116.3607	66.0712
117.1885	64.3708
120.0400	75.0640
116.3185	74.9162
117.9018	66.6955
119.7383	69.4583
117.5459	68.1741
120.5377	71.0607
118.5571	68.0552
118.8238	69.2539
118.3486	73.2022
115.5899	69.8892
115.1020	75.4835
113.6929	74.6128
113.5808	82.6430
112.8758	80.3689
113.1795	79.9826
113.8442	84.1119
118.3155	87.3388
115.9616	83.8034
113.1837	77.6509
113.6791	79.7839
112.7617	81.0693
112.1893	77.6789
111.2787	82.5289
114.9197	75.6485
112.6602	79.3600
111.1793	80.8499
109.1784	71.7637
107.1621	72.3657
111.9380	77.6187
107.4968	75.0148
110.8896	74.9194
108.5470	75.5504
112.1653	72.6768
110.4983	75.2043
111.3802	76.0362
109.6999	75.0910
111.6582	72.6948
115.9614	84.2280
116.7691	81.7856
115.0248	83.6405
113.7370	78.5915
113.7040	78.2189
113.1819	77.0661
114.1439	79.5487
111.5657	69.4183
111.1756	72.5386
113.7104	69.1334
109.7565	68.4655
110.8021	61.4201
107.6809	64.2287
111.5059	69.0843
111.7306	66.7199
107.6654	64.9708
109.5451	64.6143
110.6547	63.5528
110.7558	66.0518
109.4615	78.9328
111.6120	82.2266
113.2536	84.5611
113.3131	76.2853
114.6554	76.6992
118.1970	84.6979
118.5150	90.2608
115.3159	85.4598
113.9816	83.1860
115.1971	83.9188
116.1215	79.7081
115.9408	83.4473
117.2412	84.5732
117.2525	92.1065
119.5519	95.5578
119.2090	90.8699
119.6309	86.3069
118.8261	83.9975
117.9209	85.6277
119.3889	90.4167
118.0361	88.9942
119.4931	88.4614
118.8819	85.7666
117.9253	88.0260
118.1834	86.7599
117.2790	84.9134
117.5686	82.8909
120.4768	74.7849
120.5973	87.4198
120.1511	90.0637
118.0858	86.7966
117.6644	78.9884
118.1586	84.5070
115.2472	73.2404
118.0541	84.5089
119.6065	85.7381
117.5308	84.0747
116.7401	84.1393
121.2389	83.9409
119.6186	75.8122
118.9450	78.4357
112.9278	74.6871
112.6280	72.8429
115.7362	77.6896
114.4933	81.1710
116.1871	76.8729
117.2047	71.9398
118.5822	71.7928
116.0480	77.6948
120.4670	81.6922
116.8491	74.0394
117.4479	80.0919
120.7901	88.8477
119.9294	76.5886
119.1977	79.8982
117.5474	80.9945
116.4633	85.3835
114.6300	80.0313
113.7428	76.2884
119.9401	88.4829
120.9158	86.2125
120.6245	88.2229
119.9503	77.5772
118.3277	78.2710
115.4041	78.0787
116.2097	80.4606
120.3063	81.7170
118.0706	85.9731
119.1817	76.4145
117.2739	82.5558
118.8023	70.8150
113.7957	70.6043
114.8672	72.2781
115.3424	75.2904
115.9633	77.8203
118.0944	78.2141
117.8075	84.3064
115.5669	76.4332
119.0549	78.9110
115.8754	85.2138
114.8138	87.5024
117.2312	82.9709
120.6871	80.4343
119.7441	86.6519
119.5227	84.0914
118.2616	81.5164
109.9752	63.5138
107.3475	63.9648
107.3469	62.1552
107.5961	55.0213
107.8464	58.1446
105.0646	55.5238
107.2070	52.7453
104.8412	60.8492
105.5299	59.8555
110.4705	55.3337
107.0653	52.4434
107.9147	60.1807
106.1580	54.5448
105.5234	57.5761
103.9278	54.3521
105.3391	51.2930
104.2675	52.5283
108.2346	45.3901
106.1947	53.8076
103.9840	49.0831
107.9897	54.6777
106.8193	48.0556
106.1040	53.7145
103.8145	52.9010
101.3953	48.9047
102.7627	54.9700
105.2594	50.5969
103.7534	52.5635
105.2710	47.6757
106.1942	50.5311
106.6813	52.9738
106.7409	57.4865
106.4747	54.6842
104.9805	54.5599
103.0364	51.1655
107.5576	52.0466
106.6853	49.1121
104.3843	56.3011
105.1177	50.0945
102.4855	49.9389
103.2569	47.6882
103.3153	50.8872
102.8839	54.5524
103.2347	46.1279
101.4953	51.4256
102.1403	45.5870
105.6891	47.9508
104.0066	52.6407
99.5982	49.6710
103.4557	50.6644
104.8295	44.6253
103.7339	46.7246
104.9661	46.5299
106.2448	47.8372
102.9209	49.9052
104.5637	46.4644
104.3452	46.6473
105.3903	44.9315
104.4813	46.5183
104.1384	46.4437
102.4116	43.8896
101.1214	41.9993
102.2637	43.6820
103.3546	48.1932
100.9363	44.0970
102.8182	43.7455
104.2421	41.8750
101.0577	44.6977
105.1048	49.0457
102.5852	40.5559
101.7958	48.0739
103.7601	42.8071
102.5962	45.7601
102.6856	48.0529
106.1211	45.0000
103.0410	40.2588
104.2489	43.0696
104.6823	44.1483
102.0918	38.4166
105.0685	41.8560
101.7861	40.7509
102.3351	50.1996
101.1684	47.1902
99.8687	53.3696
102.1926	46.7766
100.4483	49.4241
100.0666	51.1808
101.8245	46.6886
99.5894	44.6699
102.2625	52.4688
106.2359	52.2945
103.9956	50.5999
105.1534	51.9072
103.8883	48.7259
103.2519	50.8853
105.9964	47.3493
106.0015	45.9880
103.5564	43.5614
104.7731	41.3457
103.3984	44.3109
105.8950	44.2292
105.3500	46.5099
105.8305	42.7171
104.2804	47.6807
103.0511	46.8629
101.3964	39.0473
102.1199	44.5967
102.9000	44.5511
101.1112	45.7127
98.5648	41.1824
100.7496	44.2623
100.4650	45.8937
101.3863	47.1859
100.1011	49.3647
100.3687	49.7986
100.3997	49.7341
100.3904	50.1536
99.7079	51.1480
98.2403	44.7832
100.4492	44.3037
100.9673	47.4990
99.0163	46.6537
98.0768	46.9834
100.2302	47.5908
99.9896	44.5946
100.2929	45.2228
104.3410	42.3255
102.4955	46.8850
102.4812	46.1039
101.9112	45.1124
100.7885	49.5704
101.1944	43.5490
100.8657	48.7947
101.2628	44.6070
100.0337	46.9285
100.7278	47.4681
100.4552	50.2010
101.3226	44.4481
99.1094	46.9068
99.6660	46.1265
99.2918	54.8343
98.9223	47.1404
97.5777	49.3871
100.2755	44.2739
97.1218	47.2617
97.3409	44.5983
97.9584	50.4198
96.8385	47.8865
98.0191	48.5816
98.2567	48.1831
100.5082	49.0900
99.0982	45.2722
98.1611	44.3518
95.5820	42.2311
97.5771	42.6248
97.2417	40.8586
99.0890	39.3384
97.9328	44.6368
98.5187	43.9997
97.5048	45.6851
97.6058	44.3869
97.2333	49.5262
98.0847	43.5384
99.1884	48.4315
97.6539	44.6623
98.5660	45.6686
98.8181	50.4169
99.0277	47.2741
98.8190	46.2491
95.9095	44.8367
97.3885	48.2511
99.0732	46.1870
99.6230	45.6723
99.3803	48.7301
100.9123	47.7856
101.6217	47.9155
99.3520	49.5203
101.3406	46.0704
103.6700	43.6859
101.3450	43.7396
99.9617	49.6477
99.7664	49.2904
101.3002	47.0464
103.7406	46.8349
100.7463	47.1443
99.6154	46.7138
102.3258	44.3878
100.3575	43.4068
100.5292	46.6111
103.1300	45.3003
103.3545	50.3369
103.0715	44.1340
101.0582	47.8632
101.0524	47.8971
102.4848	47.9719
103.8906	44.6921
103.0880	47.9076
100.8440	41.5875
103.3245	47.5725
102.7459	48.8246
104.1871	43.1649
103.1278	47.3206
101.1326	49.4938
102.6499	52.6128
100.6672	48.3433
101.7609	52.3035
100.8367	43.3149
101.6743	44.5305
101.7877	50.8077
100.8606	46.0002
102.7785	47.5959
100.6916	49.8669
101.1126	47.2071
100.2779	48.4647
103.8351	49.2887
101.1910	47.9224
101.1409	48.3835
102.5366	46.7077
98.8744	46.8778
101.4033	49.2894
101.9909	46.2046
100.7456	44.7196
99.0527	48.0482
100.5185	45.3460
98.3348	47.6315
100.0096	47.9420
100.9658	49.7277
102.1960	49.9600
98.9089	47.8043
99.9584	47.5213
100.6821	41.5323
100.8862	46.5443
99.6785	44.4926
100.9417	48.2275
102.7730	48.3351
103.0703	51.2130
102.3608	49.1347
104.2186	49.1325
100.9571	47.4068
103.0676	54.7253
100.5358	53.8850
103.9344	54.9476
101.8342	53.9489
102.8361	51.4522
100.4493	54.1855
98.9927	51.8388
104.3908	52.9430
105.3622	52.5047
101.6543	49.3288
101.2232	51.4398
101.3210	46.7343
99.8588	47.7145
101.5369	44.8671
103.2168	44.7994
101.7122	49.8560
102.3376	50.5776
99.6627	48.4177
95.4150	54.5791
98.7459	55.5746
100.2608	50.7398
99.5013	49.3306
101.7809	48.6356
102.7438	46.4574
100.5511	50.7853
101.9858	52.3012
101.3613	52.8200
101.1245	50.1720
102.0568	48.8519
103.8162	47.9900
102.0361	44.8894
100.5615	47.3014
101.6847	41.1262
99.7728	47.7741
102.1465	54.4872
100.7952	46.4291
102.9392	45.4196
100.1449	43.8762
102.5984	39.5565
101.1683	44.9271
100.9732	48.3248
103.2144	48.7080
100.3454	50.7055
105.2222	47.1999
103.4548	45.2375
103.1659	45.8810
100.5221	45.7581
98.8958	48.4859
104.5423	47.6291
103.6492	46.5866
104.8056	50.7400
104.3051	47.8792
101.7854	44.9370
103.5179	45.9827
103.4524	46.6449
101.7374	40.5954
102.1230	47.4662
102.7378	39.9734
100.7791	43.9209
101.3264	39.7642
100.3453	44.5332
101.8219	39.5350
99.9800	44.1117
102.3095	46.3510
102.5841	40.2489
102.2458	46.1825
101.0940	46.4160
99.2006	43.5391
98.0231	43.0546
100.1538	40.8423
99.1216	40.1443
98.4553	39.3481
101.5646	41.3437
97.4947	46.1128
97.0079	41.1215
98.8969	48.3269
98.6881	43.9323
98.3513	43.7442
98.7480	43.2458
103.6622	38.9220
103.5582	43.9735
101.9485	46.8186
102.3357	42.4315
100.0939	42.3783
103.4013	40.9991
105.6379	41.7040
105.6845	39.9751
106.6078	46.0061
107.1107	41.3063
106.3832	41.5212
105.2133	44.5526
104.1562	42.4374
106.1818	43.4023
108.8049	38.4673
112.1735	48.2195
112.3582	47.5176
114.2005	50.1206
108.2580	52.1405
109.0297	49.0682
111.0962	38.9124
107.1435	39.3262
103.6715	47.1292
107.1093	42.0569
104.7134	41.8427
105.8206	45.9925
104.4005	43.1310
105.3677	41.0801
105.6738	43.0081
106.4028	46.9626
105.3777	43.9262
108.1375	42.0287
106.6124	42.1559
104.1620	39.7570
104.8813	48.1939
107.6808	44.3675
109.7363	44.6101
108.7123	42.2172
108.5068	42.5045
107.4229	44.1251
106.9247	53.5034
109.3035	52.7706
105.6317	56.8886
104.7858	52.8203
105.2494	48.3269
106.5559	48.3930
104.5559	45.9540
105.1961	49.1811
107.5881	47.5703
106.4742	46.5585
107.9790	51.7841
104.6798	53.0545
110.7606	54.9435
107.9072	47.2489
107.9671	51.6186
110.7057	46.4784
109.3861	45.9793
108.9264	43.4287
108.6228	42.6044
109.0855	41.7261
110.4465	49.2975
108.8046	47.8583
106.9407	44.9182
108.5752	44.8272
109.7788	46.1547
106.7867	40.6112
106.6745	44.3474
106.1272	43.7651
105.8018	41.3364
108.5206	41.7730
110.3705	47.6609
109.6234	44.1032
105.1505	40.1748
106.6763	34.8916
105.6188	39.4703
107.1969	37.3727
106.9516	40.0518
103.9896	39.3191
105.4473	38.0651
105.8429	36.3667
104.9986	41.0401
106.6899	38.6862
105.9931	41.2162
105.6609	40.6547
105.6010	38.4856
106.0157	37.0959
108.1015	46.4316
105.9206	43.9261
106.2256	45.1465
105.4958	46.9479
105.8130	42.7026
109.9438	45.9175
106.1868	47.5567
109.5324	48.1538
108.5029	53.8545
110.4875	46.5277
107.9168	45.7859
110.2300	43.0335
108.7468	48.6483
107.1442	47.8828
109.4201	48.0764
111.0165	43.0948
108.2870	52.3734
113.3142	50.7270
109.4668	53.1203
110.7719	54.1124
112.3400	53.7318
109.3667	57.3249
112.1389	49.1455
112.2680	56.7497
114.1324	50.0357
110.9654	53.2060
109.5281	49.6165
105.8478	49.0907
109.5623	46.2924
112.0709	38.5800
112.2516	49.3441
111.4587	49.4759
110.8760	48.3830
111.8698	55.2965
110.3580	50.2323
110.4386	47.0772
109.9714	53.0395
111.4996	50.0356
109.9673	49.5500
112.6712	54.9886
115.7622	54.7709
114.5009	52.7694
116.5918	50.0811
111.3318	53.3666
115.0538	57.0025
115.0505	62.2444
112.8207	51.0743
110.4839	58.1533
112.4825	51.8594
111.4354	58.0429
112.5571	56.9834
113.5163	58.1516
115.9919	60.3375
114.3412	64.8128
119.4434	67.1390
119.8092	56.1212
117.4318	59.6214
112.7553	53.4912
113.9372	55.3493
112.6423	57.1545
119.8904	52.4441
116.4611	51.4434
112.7674	53.5119
113.7524	52.1121
114.3730	51.7349
111.6196	48.8718
113.4152	51.0672
111.3364	53.8506
113.5761	52.7558
116.5471	58.9144
114.5286	48.7843
111.0070	51.6876
110.9826	53.7078
114.8231	57.8009
118.3420	53.8646
116.9949	67.4658
117.7066	64.1377
117.5121	61.0687
114.8760	62.2324
112.3970	60.9682
115.6763	59.8409
112.7229	65.4717
120.6653	65.1149
115.8051	65.5331
112.7360	61.0161
109.9350	58.3660
111.9932	60.3353
113.1250	64.6173
111.3114	62.6426
113.9735	64.2061
115.3714	64.2159
118.5505	65.0302
115.3882	64.1972
118.9341	56.7744
117.6845	58.5962
115.0496	64.2614
110.3721	83.8965
109.4775	79.6805
114.0793	86.5018
110.6391	78.9459
114.8441	75.0663
112.9431	78.2830
111.2523	86.9350
109.2463	83.1746
107.7086	79.9055
105.4793	76.1058
105.7315	73.1030
108.4260	69.0494
107.8616	74.2547
107.4423	69.1504
106.5107	65.6584
102.4154	67.9891
104.2398	71.3488
102.2034	67.3415
99.3966	58.5931
98.2851	55.9330
96.5280	58.4753
97.1059	56.6686
96.3760	52.7456
100.3639	49.4306
100.7578	53.2972
97.9007	57.2978
99.0262	48.8901
99.8564	53.3670
98.3404	51.5288
97.5234	52.0776
98.6212	54.6772
98.9632	56.0508
99.0869	57.0759
101.9610	51.7897
100.9955	56.3652
103.7127	59.0970
100.6360	62.6475
100.5551	57.1150
99.2028	63.5286
101.4439	55.6732
99.4227	57.1130
103.1100	63.9616
100.6747	64.3834
102.6817	67.6173
101.7809	66.7059
101.2513	68.1412
101.0384	66.5896
102.7623	66.4613
100.3992	62.2458
100.4518	57.7917
102.0375	64.6834
102.2547	65.6278
98.8007	68.5216
99.9934	71.0082
102.6405	74.0385
104.0871	71.7751
104.2153	75.8863
104.4764	76.5628
107.0472	71.5571
106.9486	75.0198
105.5444	69.2273
107.9946	78.8473
106.6218	68.9343
108.9786	62.2965
107.8937	57.9907
106.2823	57.5049
106.6058	51.1895
103.7054	53.1327
104.6690	54.8370
104.6455	56.9505
103.0048	51.2435
105.9321	60.7356
106.6866	65.8828
106.2453	66.2886
104.1599	57.8880
102.8182	55.5388
101.7471	53.4472
102.0615	53.4809
99.9002	53.3777
101.4053	51.0064
99.6288	55.2060
104.0178	60.6619
100.8904	57.4637
103.3008	57.7588
102.4830	54.0395
105.5115	56.3461
105.7755	66.9709
108.2259	67.2672
110.6200	69.6544
110.4618	66.1191
103.5789	60.9876
102.9117	60.8271
104.2784	62.9303
105.2258	59.7545
104.1154	57.9481
106.2086	61.5690
104.0727	59.2825
105.1662	59.4564
105.8049	58.6648
102.2590	55.6243
103.5488	57.8227
101.7461	54.3366
100.1312	54.3116
101.4679	53.8586
102.4395	53.0652
100.9006	55.3033
105.1375	54.9780
103.7795	57.4314
101.5466	55.5656
102.5908	51.5800
106.7263	58.8395
105.3503	59.8070
105.3925	60.0273
107.0014	63.2193
105.6279	61.9222
107.5226	67.6630
109.1848	64.3269
110.2554	59.8187
109.0308	61.4943
109.0058	72.3337
105.5141	66.8034
107.4522	64.8550
104.0935	55.4730
103.7619	60.8196
101.5099	61.1580
106.8715	67.0572
105.8907	61.3896
104.2838	60.1267
104.2048	60.7106
104.3899	61.8436
108.1027	61.3134
108.2535	57.5229
108.5538	56.7907
110.3508	63.2750
108.7428	64.9259
107.7879	63.0718
109.4418	68.0738
106.2530	61.7468
107.5903	61.0274
104.4025	64.0719
105.9697	64.3626
106.1409	63.2996
104.2803	68.2455
100.0076	58.8643
100.4699	55.5515
102.1631	53.8771
101.0467	56.3030
105.3155	60.4570
105.5980	61.7736
107.2417	66.8355
101.1584	68.4632
105.7511	62.1160
107.2496	66.0908
108.5651	64.3725
104.8947	59.6202
109.4760	67.1167
109.1451	68.9655
110.1913	65.1505
111.0120	63.7724
107.8784	65.7970
109.0032	64.4587
108.5987	56.8065
106.7422	61.1486
108.5611	59.1280
109.1814	65.1115
108.5387	62.4656
108.1585	60.9546
108.3657	62.8947
109.6550	64.6897
112.1524	71.1879
106.2596	62.1374
106.7348	63.5269
110.0552	59.7838
110.0684	68.8676
108.4861	66.1141
107.7332	65.0516
107.8060	70.0157
107.7856	68.7147
108.0693	68.2735
109.4707	65.3665
108.3440	67.6231
111.0544	67.6932
108.5942	64.3920
107.3903	65.2842
108.8397	63.2045
109.2705	68.0757
108.7978	66.9531
108.1697	67.9938
108.5341	68.4133
108.6235	65.9183
107.8187	63.5152
108.0888	66.2371
109.2151	68.0771
110.6758	62.6260
111.2119	71.9232
109.2216	63.8319
111.4537	59.7693
111.3000	63.4739
112.5135	66.3878
111.3469	63.9658
110.1486	61.4397
111.0783	58.3012
112.7616	68.5569
110.7915	64.2807
111.1444	61.5287
110.1792	67.1431
110.3763	66.9480
111.5879	67.1388
108.5629	63.6531
108.8453	69.5153
110.1355	68.4218
109.3010	68.2444
108.9799	65.8411
107.4754	62.8305
107.6814	65.7800
109.7666	69.0763
112.9838	71.5724
108.3029	68.3360
114.6558	64.7331
112.7245	70.1602
112.7664	66.0115
113.1202	67.4148
113.0085	65.0668
116.2190	69.8620
115.4912	72.6565
115.0661	70.5146
113.4872	64.7939
114.5519	68.2509
111.8238	70.2758
113.5370	67.8211
113.9432	71.8551
108.8229	68.8158
109.7869	73.0720
109.4979	63.4126
107.3756	74.4671
108.4240	66.6215
109.5994	62.7683
109.5650	65.5507
109.5811	66.0577
108.4975	69.1556
108.4607	67.5299
108.7383	63.0680
108.5951	65.1154
106.6158	62.3550
110.1909	60.8653
107.3543	63.2839
105.3479	62.0260
106.4182	62.3868
109.6276	60.2832
107.8134	63.3872
109.0429	63.7636
108.9260	64.5671
110.4852	66.3460
109.4119	67.9011
107.3680	63.7266
106.4756	60.5403
109.7165	65.1121
109.0862	63.7754
111.0291	67.7413
107.9925	57.4401
108.8423	61.8715
107.5009	67.5609
106.7689	70.0827
105.3372	66.2154
106.1852	60.8367
109.0616	73.0603
106.5024	69.7322
107.0475	62.8946
106.2138	55.0595
104.5185	58.4752
106.3256	59.0896
108.3250	58.8795
107.6734	53.3674
105.2173	61.3634
105.7285	65.7027
106.9942	64.7086
105.7024	61.3729
104.5802	58.4751
106.5317	58.3340
106.5997	70.2033
105.9419	66.9994
107.2079	69.3791
108.6116	68.5518
106.6758	66.5239
106.3944	72.7278
106.3047	65.4309
109.8673	63.2891
107.3021	65.7945
102.4692	58.3676
106.8487	59.8106
106.7847	58.8761
105.0380	64.3019
104.8647	65.1787
105.7433	59.2817
106.5096	57.8658
106.0546	58.3148
109.6199	60.3817
105.9924	56.0005
108.7687	54.9553
106.0151	57.0427
107.4394	59.1056
105.3409	61.1015
107.9355	60.6012
108.5780	60.1028
105.4280	58.5054
104.2794	61.0214
101.2283	54.7083
102.1039	53.4553
102.3348	57.5655
99.6786	52.2785
101.7669	56.1543
99.2781	55.8889
100.2502	56.5111
100.1146	55.6551
100.9302	53.4172
101.9432	52.9766
101.0513	57.0611
102.4504	54.1730
104.7370	57.6665
103.3024	56.4797
103.5048	56.2436
103.8918	56.3229
100.1273	54.4002
103.3721	56.7526
103.6920	56.8491
104.0049	59.2123
104.7417	63.6731
103.3997	64.0129
103.1379	60.2244
102.2529	49.6781
104.7264	54.8476
103.1445	53.5935
102.1708	52.7848
101.4981	53.5963
100.1912	49.7405
100.1026	57.3375
102.4689	59.3141
103.8107	57.7703
106.1195	60.2870
104.8591	61.0362
103.8114	60.3988
100.8514	57.5848
103.1556	64.3447
103.5900	61.1398
103.0781	57.4168
101.6219	54.6006
105.9023	57.9095
102.8851	56.9587
104.9066	57.4735
103.6059	62.1071
102.3853	58.2604
106.6473	63.7377
103.2362	59.6712
103.3873	63.5791
104.5180	62.4034
103.3696	62.8793
104.1118	61.3089
103.6143	65.3555
105.0835	64.5108
105.1438	60.4082
104.7209	58.1312
105.6977	61.0800
105.2338	65.2548
103.0807	56.4081
102.5001	59.4100
102.0664	55.6348
101.4230	61.1070
104.7707	55.8602
101.9895	59.0735
103.2293	55.4136
104.7091	60.7588
103.3444	62.2927
104.2294	59.7682
104.2753	56.3506
107.6122	59.2518
102.6509	59.4346
105.1746	60.7431
101.8602	57.7556
104.5651	54.3051
104.2062	55.2215
102.3637	51.8434
103.9383	57.1856
104.6697	58.5299
103.9930	49.0175
103.3311	53.0303
103.8808	57.8254
104.0331	58.7526
101.9248	47.2578
102.5160	48.2457
105.2378	51.3675
105.5723	52.5133
103.0224	52.5106
102.3014	54.8935
101.3576	55.4929
103.2117	58.2955
105.6955	52.1994
102.8786	56.3780
103.2832	50.7392
103.4804	50.7050
100.8500	50.1703
103.1600	52.4525
104.7697	49.8109
102.6816	53.3031
103.1129	56.8319
102.4730	48.8688
101.7736	52.8038
99.6613	52.6922
100.8734	57.0788
103.0588	57.4093
98.9128	59.4840
99.6167	57.4446
98.6577	53.8763
100.1027	57.5314
101.7117	54.0884
98.5203	58.7252
100.0176	56.3170
99.9014	50.4421
99.7124	57.2845
101.9441	55.6913
100.1828	50.9330
99.5664	48.1171
99.3693	52.1006
99.4204	50.8092
99.8265	49.2019
99.1617	50.8233
101.1517	55.1100
102.1570	52.5866
98.5784	51.1881
100.4940	58.1837
99.6687	58.3079
103.1159	55.8331
101.4305	52.8447
102.9242	51.9542
101.6787	59.9957
101.3976	51.3406
98.1909	53.2134
101.5600	53.3261
100.7788	50.0830
103.0146	57.9681
103.7718	55.9945
101.9493	51.0242
101.0631	56.5936
99.8428	51.6620
102.9552	55.5143
103.8035	54.4268
102.0664	53.2112
101.8597	52.4654
100.1792	55.9198
102.1863	54.3654
100.3670	55.9167
104.9699	52.2954
101.8901	59.6910
104.9943	60.6899
102.8406	55.9893
101.6206	51.4057
101.6107	58.9479
103.7061	56.5117
102.0899	59.3149
102.3022	57.8046
100.5877	59.3570
101.8467	55.9405
103.8639	55.4663
103.6634	62.5742
104.2560	56.3966
100.2205	57.0743
102.1810	56.9986
103.6803	59.4706
103.0826	59.6636
100.8839	56.0804
106.3390	59.2210
106.2594	58.5493
103.0180	59.4735
104.3467	62.7244
104.3804	59.4442
106.1173	57.5522
105.4341	59.3275
105.9906	59.7980
107.7490	64.5377
106.2404	66.0839
109.8951	67.9270
107.3374	64.1761
108.2764	64.6391
113.2380	67.5075
111.0647	68.8933
111.8376	65.8606
112.3008	71.9206
112.6031	68.7008
112.3157	62.9677
111.7082	71.6111
111.3443	71.8005
111.9910	68.0757
106.2611	57.3693
108.4092	59.0890
105.8396	56.4321
106.4733	59.1718
106.2541	54.8213
106.1128	55.7486
107.4200	54.6597
106.6597	54.5995
105.3834	54.0178
116.8679	58.6080
117.7329	60.2313
118.9754	66.1679
116.5661	70.9434
117.5063	62.3174
114.3382	62.9772
116.2348	62.5349
115.1707	59.9856
114.4593	60.4067
112.0175	50.5375
111.0707	56.1120
116.5075	55.5242
116.7902	57.1140
112.4590	56.2879
110.0569	55.1422
111.1249	55.8359
108.2988	49.6684
112.7610	55.3645
107.1686	53.6985
108.7755	58.3516
113.2711	55.3563
114.9129	53.9032
116.5035	63.0805
114.7428	59.9480
111.7450	56.3805
113.4760	57.7963
115.4025	65.4203
119.1547	60.2426
114.6352	64.2483
113.3706	62.7689
113.0559	62.1517
112.7516	62.3522
111.0705	54.1143
110.5105	56.1075
110.4967	65.5488
112.6860	65.0020
111.2727	64.3071
108.7454	65.3632
108.8437	65.1052
111.4383	65.8656
112.2122	61.9552
114.3211	63.4823
111.6333	63.5223
113.6763	66.9547
111.7610	60.5803
109.6998	63.3850
114.7567	64.9778
114.3244	60.5150
115.3682	62.9431
115.8718	64.1511
117.6311	58.8493
117.8900	57.7875
116.0804	56.1495
115.9709	50.8749
116.0306	53.9141
112.3271	58.7294
114.4044	54.9242
110.7852	62.6653
114.0645	60.0789
110.3294	60.7516
108.9423	61.0291
110.8983	58.1173
108.9236	59.5063
108.7931	55.9236
110.1415	56.1094
107.3861	58.0774
112.9647	55.6026
109.4454	56.6333
110.3244	57.9618
115.5311	55.9477
116.8188	55.2747
115.1542	54.7736
116.9573	58.9813
118.2737	67.1060
117.1646	65.5717
112.5184	63.1922
116.9194	63.6019
117.7203	61.6815
114.7573	64.9333
114.2078	54.3624
115.9347	56.0100
117.9443	59.1409
114.4024	53.8001
118.6233	62.2197
116.7717	63.0167
116.8214	57.4724
119.2583	62.2559
120.9908	71.1378
120.7759	62.4865
118.8004	62.6763
117.3381	66.0265
119.7054	72.1991
117.8354	71.3795
117.2657	71.1064
118.6788	65.3025
114.6112	70.6082
116.4497	74.5338
118.3446	71.7163
118.3094	73.6989
121.6044	74.5244
121.1507	77.6067
122.3421	69.9377
116.4154	70.1819
116.6346	68.4342
112.9536	71.7275
107.7442	64.9434
111.5748	63.5640
110.3140	67.1893
110.2394	66.8599
114.5486	70.3386
113.4071	75.3788
115.0621	73.4646
115.3695	75.1195
116.2453	69.0207
115.1428	75.6391
115.4121	73.3869
117.5867	65.6813
119.5898	73.9322
119.7106	71.7379
118.1498	70.0655
118.0911	68.4226
118.7754	70.9048
118.4603	69.2885
121.2616	71.1508
118.5777	70.5505
119.2697	73.2013
117.1398	77.5117
114.7854	75.3505
118.8090	75.4563
117.3255	73.8014
117.4743	70.0037
116.8347	79.8784
113.1133	75.9984
115.7085	74.4002
114.7864	80.0031
112.5224	76.5503
118.5800	80.9872
116.0019	76.9114
115.2622	74.5937
114.4010	81.7843
113.8667	85.6132
114.6781	79.8239
110.6190	80.8570
114.7464	79.8687
113.6283	74.4033
116.0598	70.5154
113.8989	72.1998
113.0513	72.7482
114.1528	76.1902
119.4796	77.3100
115.4189	75.3585
119.1786	80.7608
119.9549	83.3395
119.7143	87.9466
119.8659	88.5152
118.1157	81.3515
123.2154	77.3750
118.1721	81.8542
119.1650	86.2823
117.4141	86.0743
119.7197	88.1219
123.3815	89.1720
118.8466	91.5497
119.2717	82.4813
118.6155	82.3746
120.7532	80.5032
119.1102	79.2362
118.4216	86.9736
120.0320	80.5489
118.7236	80.6219
116.7272	76.8549
119.4437	74.2196
116.3416	70.9282
116.1619	68.0940
118.8131	77.2352
116.6340	73.0212
116.4818	72.4544
116.7589	77.2242
118.3171	77.3588
116.8575	86.3920
119.0554	86.5391
117.7285	84.7438
116.1035	80.8534
114.2991	76.8776
111.5808	74.4122
118.2814	77.4032
114.9692	78.5927
113.5385	80.9711
115.5457	81.4594
116.2282	80.5699
116.0567	88.4529
117.0172	89.6358
116.6003	91.7590
115.1616	88.6520
112.8071	80.8235
118.1373	81.9728
115.9505	81.7329
118.3043	86.4651
115.6614	90.2231
117.6151	84.5701
118.4909	85.9929
114.6400	84.3591
119.5806	91.6706
117.5561	82.8095
116.5028	86.6484
114.5798	86.7930
116.4765	91.6174
114.6120	91.5240
118.7184	100.6350
117.9355	94.5703
116.3299	91.3109
116.3851	88.8805
118.3820	84.2084
115.6380	82.4495
115.8298	84.4132
112.1454	79.0845
113.2013	78.2342
116.8827	91.4720
115.8918	91.1808
116.0033	79.9701
118.5743	84.5403
113.6655	81.1044
113.4730	88.4811
115.5138	82.7027
117.8499	81.0547
115.6931	91.9721
116.4233	99.5893
114.0273	90.0110
116.8937	92.5375
118.0405	85.1103
114.9796	91.0565
116.7230	92.3133
114.4342	89.8306
115.1074	96.5822
113.3327	89.5589
110.9269	88.1604
109.7013	83.8326
112.8188	83.3600
115.5003	85.1355
116.2043	91.5798
115.2647	83.7758
114.2730	87.7085
115.6488	88.3531
115.9806	83.5007
115.8732	83.7325
116.7841	84.8017
112.3900	84.6954
113.7415	79.1191
110.9070	74.7991
113.4923	76.4021
114.1443	73.5533
114.4724	82.3275
113.8072	86.2907
113.1520	93.3261
114.9996	80.7730
113.3346	82.3873
108.6136	82.5969
113.1583	83.1675
113.1618	88.9480
115.8670	86.7561
117.0560	84.0664
113.1493	81.5095
115.4837	91.3629
113.9683	88.6097
116.4312	90.4417
116.3899	91.5727
114.6681	88.4717
113.0799	91.2447
114.0768	92.3210
114.5453	87.4826
115.8820	87.9889
115.9264	94.4781
115.0410	96.4171
113.1154	90.7660
114.3672	92.7937
115.0201	90.0920
112.3754	91.4803
114.2455	92.7976
111.4446	93.4298
114.6382	90.0101
110.8084	90.7897
111.4689	90.2977
114.1392	90.2570
112.2044	88.9406
114.7786	95.2075
112.2283	90.2343
115.7373	78.1090
116.6501	85.1734
113.6495	82.2741
114.1909	90.4026
115.7288	89.3689
117.6224	92.2463
115.2465	87.5867
116.7957	84.1899
114.8841	81.5496
113.3753	74.7282
115.3588	80.7094
112.9411	77.1688
111.9240	70.1770
110.9352	69.6866
109.6516	66.5791
107.3139	66.1946
107.7780	70.2321
110.3538	70.6400
111.1215	71.3910
112.9839	72.0009
116.6490	75.2577
114.7784	77.0297
112.1073	74.0624
115.2505	82.8610
115.4929	78.9093
117.3865	82.8255
114.5306	74.7633
115.3276	72.4367
112.9790	65.9462
111.8822	77.0789
114.4816	66.0747
111.9865	75.4770
112.1187	73.3698
115.6054	82.9643
115.5703	73.0623
113.6593	80.1158
115.6731	78.3099
115.2858	67.9921
115.7424	71.6026
112.3157	73.9690
113.3078	78.5927
116.4888	72.0852
114.3877	71.9418
113.6202	73.3672
113.8022	72.8633
111.7181	71.6338
114.0174	78.2131
117.4267	81.0888
115.9941	78.0995
112.1173	71.1260
113.1606	76.4794
112.2241	73.0193
111.9884	67.7832
112.8404	71.3961
112.9439	68.8818
110.9974	73.3553
116.5629	81.3506
117.5894	87.6567
116.7811	87.4256
115.2538	80.4509
109.1658	73.2251
112.0062	67.2790
108.2571	72.4075
112.2165	65.6408
109.5138	69.8754
110.4006	61.2682
115.9889	65.9379
114.3111	91.3098
118.1320	84.1313
113.6418	81.2865
114.7011	85.3837
114.7008	76.2704
114.5689	73.0672
114.1079	78.7273
113.0727	79.5426
114.4974	78.5533
115.1988	76.8432
112.7997	77.2407
115.9096	80.9382
112.9001	77.3014
114.0877	75.7913
111.0691	74.9939
107.8617	71.7325
110.8449	75.4113
110.6729	71.2884
114.3465	69.0421
114.6427	67.3681
110.9874	69.7836
114.9276	74.5605
109.8358	69.4903
110.9830	64.7146
114.7839	70.9647
114.6857	74.5540
112.0782	73.9108
111.3403	76.2732
110.4412	75.2256
111.3662	72.7887
115.6364	68.6620
112.2499	69.9664
112.2621	65.6168
112.3437	71.5503
112.9488	68.6943
111.1730	64.2785
113.8141	68.4850
113.1163	74.1599
110.6738	70.9392
108.8306	67.4520
112.4817	64.4842
114.0923	69.9921
109.9771	62.2855
109.5939	63.5002
108.4811	70.8768
109.8038	71.4705
109.0263	62.4878
104.2220	66.4557
112.4159	64.3498
108.5334	70.8664
109.4939	69.3826
112.5759	71.2881
110.2267	67.2851
111.9883	69.5632
111.8262	69.1810
112.1241	72.5674
110.5833	73.8507
112.1816	69.5006
110.9857	77.1910
108.5070	76.5306
109.2069	72.5887
109.2454	78.0469
111.8297	78.6300
112.1551	79.0707
108.3448	79.9577
108.8702	76.3986
110.0200	73.0189
110.6535	72.3553
109.8869	75.1149
111.8108	74.0256
112.3867	78.1087
110.5220	78.8814
111.9948	79.5101
110.4987	75.0346
113.6961	74.5450
111.4700	75.8049
111.2633	71.3500
109.7161	69.3777
111.0956	68.6230
109.9460	69.9220
112.6558	66.6550
112.0746	74.3287
110.7395	67.3369
110.3902	79.9081
112.6205	73.8928
113.7149	77.3714
114.1644	78.3128
111.8978	74.2841
111.5538	74.2524
113.7014	77.8529
111.4844	77.3341
112.4755	82.4344
112.0405	82.0035
113.3442	78.1374
113.6586	75.1818
109.4298	71.5400
109.9410	64.2263
111.9452	72.7760
110.5370	68.4418
109.3592	69.3314
109.9839	70.7687
113.5829	75.6888
113.8483	76.7175
111.0705	68.8878
110.5546	69.4782
110.7619	79.9363
112.9239	80.7663
113.1092	75.6616
114.3580	75.3277
112.5741	76.9223
110.2001	79.3248
110.9247	69.5522
110.4238	69.0094
109.5103	71.6841
112.0542	79.7530
113.6859	79.6283
111.7549	79.0398
110.2957	73.7664
108.3706	79.5629
108.9649	74.3485
110.4613	83.0312
108.7794	77.3682
109.5425	71.4149
109.0736	68.9152
108.4243	74.5025
110.0544	66.3849
109.6935	70.7431
109.8305	72.4045
108.6716	63.6314
109.6596	68.6856
108.2228	73.8416
110.3586	78.5550
110.8018	81.2617
109.6814	79.7868
108.5595	77.9641
110.6814	71.3904
111.6941	75.7550
110.3809	78.0703
113.1192	82.8068
112.2852	80.4339
113.3216	87.2691
113.9055	82.7709
112.7170	83.6108
109.7283	81.7050
110.3232	85.8234
108.2321	82.4483
111.8760	73.3492
