115.0804	72.3956
116.7496	72.7978
119.9658	73.2222
119.2434	78.1604
116.9574	72.7640
119.9627	75.9343
119.1372	66.5905
117.5382	66.1228
121.8305	66.8532
120.1371	62.3737
119.0602	66.9388
118.6695	62.4502
117.1301	72.5519
116.2573	65.3087
112.5322	64.4234
118.2184	65.5199
117.9545	70.8241
115.2809	73.0547
118.9190	77.3755
116.3902	73.4616
108.4153	71.0451
113.0066	72.6922
106.6666	68.0094
110.5825	74.5443
108.8179	63.3150
111.9554	56.6973
118.2486	62.4855
118.4335	66.2403
119.7081	72.5810
116.2260	74.4854
119.0480	69.0032
118.5673	66.5642
122.5910	78.3696
122.5508	76.0399
122.3455	72.8059
120.2252	87.7232
121.5933	86.1675
113.4726	67.1586
116.1294	80.7294
111.5777	71.4925
108.8390	63.6223
120.7882	67.1872
118.8144	71.2556
119.7327	74.2562
117.9209	75.6962
118.7040	70.1419
115.8554	66.0535
116.9023	67.7539
120.2855	68.1798
119.1788	72.5321
117.1190	67.6348
115.3534	60.8959
114.0268	64.5939
118.0618	58.5647
117.2372	65.7771
118.9672	70.5032
118.0330	65.8657
119.2256	59.7086
118.8192	69.5260
117.5465	61.7607
115.7387	57.4568
116.6014	69.4555
115.4348	66.1376
110.2936	60.6798
111.6160	64.4268
112.4510	58.3019
114.5024	54.5964
112.3310	46.0266
107.8161	43.3236
112.9868	46.9509
109.9620	48.0065
111.3021	47.7496
111.1566	55.1677
111.9344	53.0590
113.6891	49.0187
110.6997	45.3158
110.3848	50.5023
109.8446	54.8881
111.7612	52.2634
108.2348	59.7158
110.8567	61.7124
112.1972	69.1351
108.9294	64.2067
110.9612	53.9859
109.1746	56.4271
111.5695	60.2490
113.6426	64.4694
111.5845	63.2371
111.2346	71.3454
109.9198	67.7445
108.8989	63.1301
106.8693	68.5981
105.4152	68.1557
108.3317	69.9932
110.6390	67.0777
109.2980	68.9024
103.6899	62.0011
102.4366	62.5369
100.5430	56.5235
102.3165	56.5103
102.0443	63.5519
100.0649	65.0975
101.3167	64.9274
99.4995	66.0460
101.5688	70.9257
102.7921	71.0757
105.3907	74.7598
105.3355	78.7664
103.0213	72.8333
104.2586	67.3315
100.4282	66.7497
102.4410	68.3822
105.3160	79.5002
104.5093	69.6889
105.6115	66.8159
99.8856	68.5025
102.8243	73.7510
104.5157	69.5358
103.5683	72.1030
104.2096	68.3633
104.8110	71.5325
107.4761	74.9437
103.4180	72.6910
106.8073	64.2736
104.9409	72.4134
101.1494	69.9665
101.8393	70.7553
100.4931	67.4214
100.7777	73.1367
104.4350	75.4242
102.4888	65.0460
104.4016	71.7162
103.2893	79.8890
102.2128	74.8690
105.4477	69.4402
102.9983	69.4587
102.6185	68.3625
102.6492	62.2652
103.6669	60.3095
104.7638	67.9467
106.6350	67.4850
105.3428	64.9794
103.4407	71.2840
105.0248	70.2929
104.0587	69.8659
102.3313	69.2111
103.1917	72.8360
102.4568	78.5342
105.6986	78.9442
102.0682	72.5770
106.3683	77.7760
106.5527	85.7305
104.7690	83.1229
107.8279	86.4045
107.6979	78.1802
105.7569	76.4277
103.5747	74.1891
108.1302	79.0722
112.3797	73.8757
110.2968	69.8206
109.7573	78.8213
107.3082	70.8450
113.4371	73.0981
111.3809	63.9399
111.1399	65.0163
113.3657	66.2296
111.0884	68.2753
109.6199	66.9206
114.1707	63.8177
111.7851	69.6325
108.9532	71.3905
111.9923	72.0738
108.5518	68.1545
108.5727	68.3053
111.5882	65.4468
111.3456	69.8246
110.8288	79.7251
109.5141	73.9729
112.5242	88.1386
114.9863	85.7395
111.9813	80.1538
110.7048	81.7684
110.6170	69.3611
108.3173	65.7088
109.1564	61.2820
111.9801	75.3532
113.7316	70.4344
109.3587	77.8926
113.5511	75.3896
110.6950	70.0880
110.7692	64.7577
112.1008	67.6173
107.4274	62.3976
106.6805	59.7538
107.5106	56.2106
107.5005	60.3773
106.4354	65.4476
103.8037	55.9743
102.6494	59.4583
100.6062	54.4432
103.6595	56.2176
104.1316	57.1420
103.8702	60.8452
101.2205	56.1506
101.7540	58.8487
103.4008	57.4178
100.1845	55.6143
97.6821	61.6554
97.0161	61.0758
99.4994	59.1271
99.2414	65.9603
102.6511	66.0284
100.6517	63.3173
99.6550	65.5996
99.1393	64.5067
97.2304	63.4253
96.2756	61.8200
96.4499	61.9420
96.2642	62.2561
95.3209	68.4016
98.4105	63.3642
96.9395	63.6757
98.2707	68.0802
96.9981	69.2335
97.2655	71.9215
99.1312	61.5256
99.8082	56.8985
100.0370	57.6665
97.6724	69.6705
97.6864	74.4888
95.6589	68.7397
94.3772	69.3701
96.0525	72.1458
98.4396	76.9766
98.0685	72.7553
101.4956	62.7134
100.2260	66.0777
97.1168	67.4419
96.8334	66.1567
95.9371	63.9525
95.0183	61.9246
93.3099	65.4933
95.7085	64.0896
98.0534	69.3126
99.0722	65.5574
97.5375	70.2031
96.9608	66.6048
95.1163	65.5048
96.7530	73.0026
98.5871	63.8821
98.2882	68.3691
99.9499	63.9793
96.8944	66.5018
95.9525	62.9338
99.4948	63.7443
99.2489	62.8890
98.6977	68.4402
101.9680	75.4753
102.7633	78.6833
106.0638	79.3884
105.8847	74.5847
105.2165	81.8393
104.9459	86.0445
107.5036	87.4365
105.7203	80.0664
104.7038	75.3630
103.8576	71.6208
103.3006	72.7524
103.1962	73.9917
105.4512	76.4898
103.8274	64.7017
110.0534	70.7182
110.4641	74.1325
106.0983	78.1757
106.8768	74.1276
106.9484	82.1579
107.3556	81.2955
105.1222	76.0198
108.7082	71.5768
107.8121	80.4962
107.4681	74.9936
110.5667	75.4916
109.5663	68.8592
108.7561	70.4232
108.1025	73.1818
110.6471	73.2910
108.3244	74.7442
108.3265	72.8047
110.7061	72.0558
110.9172	71.6947
112.0886	64.8456
109.2002	69.2546
113.0025	68.1531
114.5730	64.9215
112.3379	68.4526
116.7257	74.3951
111.8128	77.5547
114.5381	75.2617
114.0045	72.7095
110.6372	71.0946
114.0879	75.4986
112.0958	64.1923
115.1768	65.9015
111.1080	70.0255
112.7210	75.7231
105.9487	66.9675
109.2954	66.8713
109.5965	60.7949
111.1402	61.6749
108.5942	63.1777
112.2961	61.6936
110.6252	60.0987
109.1234	63.6820
110.0227	68.8342
109.1525	61.6412
111.8549	63.3029
109.6287	63.8942
104.0465	55.4406
106.1375	62.9153
104.8190	54.0557
103.9731	48.8902
108.3176	56.4871
108.2223	56.2744
105.9837	54.0743
105.4867	56.6106
105.0185	57.9780
102.9550	64.0112
101.1102	69.6963
101.2657	70.5731
107.5565	62.3992
107.3914	53.5604
107.2061	61.4248
112.0175	65.4548
111.0648	64.7300
110.4706	65.6337
106.6034	67.8131
111.9307	62.5524
106.7592	56.8982
107.4755	60.7611
110.0124	61.1932
105.6343	58.3503
105.4436	58.8830
106.2844	58.3261
107.5907	52.1047
107.9512	55.5456
105.9040	53.4073
104.7732	54.2345
106.9512	54.6900
106.7109	55.5035
110.4053	58.3720
103.5289	54.4723
102.7052	55.7893
105.7188	54.4063
105.0190	56.1946
103.3668	56.8310
104.6126	56.2803
103.0375	56.4086
108.0318	63.1433
109.2251	62.5615
107.5044	70.9143
105.5336	65.3811
103.0393	63.5135
104.6373	55.6798
103.5587	66.5182
106.3706	61.3275
102.1856	55.1753
104.6127	54.2056
109.5621	53.9615
106.2808	49.4656
107.7359	51.5395
107.3396	60.9241
109.6344	60.8572
106.5386	66.6776
107.3948	58.1006
110.3324	71.3273
111.6170	63.9553
107.0671	61.0307
110.3867	67.4460
111.2608	71.5279
110.9137	68.8237
109.9039	67.4669
110.8430	69.5954
110.4338	62.2384
111.4391	67.9142
112.9672	73.9825
111.0169	70.5422
112.1922	72.1952
113.5480	69.4165
109.3345	69.6464
107.4449	63.0870
107.6272	65.7545
106.1751	64.3362
106.6655	60.2458
108.6606	59.8070
109.6885	57.5390
108.6401	55.5405
112.5646	65.3659
113.5742	70.5112
110.0224	67.4237
109.3854	64.6908
111.3888	59.4659
111.7195	63.1730
110.0973	63.9190
113.6162	66.5653
115.8768	63.7297
113.5050	59.8481
109.5530	56.9270
111.2924	62.2444
111.5253	65.1481
112.0247	63.5311
109.4806	61.1405
111.6252	64.4938
112.3020	66.0308
111.3605	60.0558
112.2146	62.9971
110.2153	58.4803
112.8750	55.1648
109.3666	54.3221
114.5354	55.4541
113.6932	57.7891
116.0679	61.3527
116.7513	67.7366
117.4553	70.0300
117.8688	72.2783
117.4899	66.5571
114.1034	73.2576
120.0860	64.8892
117.9329	68.2995
116.3938	70.6995
115.2825	67.8632
114.7962	64.3415
118.3870	60.4707
116.0485	64.1347
118.7031	67.9358
119.1918	63.9542
113.9492	67.9595
114.9839	69.3393
120.0863	66.2142
115.7409	66.1042
115.3909	69.9297
113.6641	68.9872
115.3009	70.7959
112.4613	69.4043
110.3930	67.4867
106.8428	57.1944
112.6164	73.0289
109.8800	71.4505
114.7897	67.6614
112.6117	62.7965
112.0527	62.3200
111.8597	63.7036
114.6461	56.4006
114.2204	49.1083
113.6040	53.9727
114.4353	54.6727
113.0889	59.3780
110.4376	56.1091
111.1480	48.1993
111.2192	51.3970
112.6998	56.5249
111.8020	66.7531
107.9524	58.9997
112.0237	59.8440
112.3789	60.4332
112.3791	56.7159
113.4777	64.1541
110.7343	62.0351
112.6389	56.1019
110.4333	56.0387
107.4760	54.9157
107.8382	50.9371
110.7580	50.0328
112.3295	51.5304
112.9884	46.1324
113.6646	54.2824
116.0471	57.7367
116.4736	66.8211
116.3821	65.7249
113.8112	50.7061
113.1078	52.5310
115.8456	49.2457
115.9745	53.4436
113.7683	61.9375
115.9744	62.7822
116.0261	65.3032
113.9555	69.6041
113.5121	58.5762
115.7240	58.7926
109.8123	60.3957
112.5123	61.1942
113.2219	65.7559
110.8754	65.3882
115.9331	75.7155
119.8310	69.1877
114.8155	70.6004
116.1096	65.5288
119.5921	61.4608
117.3570	58.8218
117.6488	58.0906
116.6943	62.0557
109.4915	53.2084
109.3242	46.4571
112.5211	47.3144
111.5935	52.6282
105.8569	58.0438
108.1809	59.8431
110.2685	54.0691
114.0648	55.0210
110.6652	44.0285
112.8294	45.6977
110.9693	51.9334
110.8420	49.4142
110.8299	53.6607
108.6546	54.5572
108.9074	55.8729
107.8772	57.6442
105.7808	60.3377
109.5077	52.9822
107.9672	56.2302
103.8341	53.5623
106.2627	57.8389
106.3963	51.3646
106.2229	55.8734
106.4509	57.8976
109.7849	69.4465
109.8799	68.2334
112.4902	62.0896
114.3914	60.5110
114.6451	53.0907
114.0298	57.4149
112.5072	61.6974
114.7659	56.0045
112.0022	54.4754
113.8750	58.9145
111.4003	57.8437
108.9308	63.3902
108.9583	59.1325
108.1534	57.9228
105.3848	54.4577
109.1440	53.4021
106.2783	48.2472
107.0783	52.5280
106.3857	48.7127
106.8586	55.8243
106.0869	49.7621
107.8724	55.3046
106.5449	53.0667
102.6007	56.7643
104.9636	48.9023
105.7354	51.5693
106.6967	54.3293
107.4335	62.7142
109.5660	59.3006
109.8146	63.1347
107.8788	54.4824
106.2073	59.4747
104.3460	53.6925
104.1997	56.6771
106.2809	49.0591
102.9707	56.9294
104.2436	60.6878
102.6533	55.8354
102.6392	48.4188
103.0212	58.2446
106.7035	55.2770
104.7888	55.8464
102.5279	53.8932
99.2784	62.1406
102.4903	56.0297
104.1212	45.4874
104.2172	50.0966
100.6025	50.1406
102.5575	49.7046
102.6209	50.3757
104.7181	48.9993
105.4888	54.5430
106.1083	58.3463
103.8484	62.9332
106.5347	62.6110
110.0303	60.6100
109.8621	62.4932
105.9054	62.7273
104.1946	73.0200
106.5867	67.2240
103.4380	70.3266
107.0050	71.6296
107.7666	67.8330
105.7530	65.1699
105.9862	58.9643
107.5302	59.4168
107.9509	60.9145
106.0893	65.0949
107.2435	62.7274
108.7141	59.7056
104.3388	53.2165
107.3448	54.4215
107.1839	59.9158
109.0618	65.4844
111.1125	66.1232
107.6590	69.9148
112.5044	69.3430
112.6325	70.4683
112.1746	74.3929
111.1173	76.5433
111.2250	68.2176
110.2590	69.2003
105.6786	69.1323
110.0698	63.2411
113.2223	62.7855
115.9237	65.5481
115.2616	58.1069
117.3905	63.6721
118.2987	70.3107
115.2118	66.3548
115.2719	60.0770
112.8508	59.0582
115.0366	62.4100
114.4512	63.8403
113.7329	68.1428
112.7241	66.0267
115.1797	58.1962
116.7102	63.2965
113.2442	61.1633
118.3500	50.7873
117.5115	57.6744
116.2408	53.9312
118.6703	56.5742
114.9873	53.0211
116.4289	51.5728
115.1952	57.0336
109.1870	62.1169
112.0979	59.8724
110.1933	64.8946
113.5227	67.6596
114.3252	65.7083
114.7488	60.9430
113.1831	59.9717
111.6122	61.5729
114.2690	64.7761
114.5419	59.7965
113.7165	55.4041
115.4672	60.6312
112.6429	63.2166
111.8161	69.7560
112.2100	68.0118
113.7742	75.9330
114.1078	77.1186
117.1955	71.9773
112.9196	72.4264
113.6956	70.4831
113.7296	65.1344
116.3020	61.9675
115.1338	66.7180
110.5914	74.9568
108.8632	74.0821
110.3678	78.6330
114.4919	78.2035
113.5386	77.1819
115.7328	72.2800
116.4122	70.8154
113.6188	64.6214
112.6103	63.4712
114.2548	68.5555
114.3209	70.7004
112.8468	68.2906
112.6934	69.4432
112.5167	77.0881
112.3140	64.7014
114.9819	70.0862
108.6631	66.1192
111.9378	69.0587
110.6754	67.2118
112.2337	76.7086
111.5039	67.2143
115.2740	67.0251
111.8149	69.0935
113.7371	65.7265
112.7523	65.6828
112.2568	70.0187
113.9390	64.3543
113.6083	69.1198
111.7197	62.3671
112.5805	63.1611
112.0452	71.6646
111.3530	68.8941
112.1341	69.1239
116.8085	68.7104
112.5049	71.4538
114.7979	61.5057
114.5534	67.3597
113.3235	62.6502
113.0240	61.1292
113.2625	62.0785
108.0652	68.1907
109.3687	78.3389
110.8447	77.8880
108.9777	68.4489
108.9073	59.1266
114.1865	67.2671
107.8577	65.9962
111.4124	58.8425
109.1181	63.3620
109.8761	73.4078
113.4224	69.2052
110.9910	72.4116
111.9685	62.8972
111.0685	54.2514
110.4781	66.5288
112.3909	64.4045
111.5987	72.3501
113.1287	67.0777
109.7979	65.7590
109.9282	62.3744
112.2912	67.9278
110.5326	68.0492
113.5161	64.0374
111.0242	66.3580
115.7801	60.0351
114.7624	61.6667
111.8361	58.4914
110.8908	58.3335
110.5622	51.4692
111.7558	62.3105
115.1278	63.9612
112.9856	73.2500
114.3477	71.8516
112.9668	68.1379
110.4253	57.7187
111.6523	61.1447
106.7090	57.8697
110.1080	58.3483
112.3924	57.2700
111.7251	60.4990
110.5572	60.5364
111.8539	61.6370
113.7169	71.0257
116.4666	64.9552
114.1817	64.8366
115.2160	65.3981
116.9943	69.3882
117.4809	67.4205
115.7905	58.9440
115.3159	63.8659
115.1165	61.0934
111.4597	64.2577
112.3383	65.1384
113.5989	64.0738
114.2139	70.6598
115.7080	63.0870
114.1370	64.8269
113.9189	66.9996
114.7889	67.3306
114.3067	70.3390
113.0620	72.9334
114.1334	81.3942
113.0164	73.9977
114.3767	77.5249
117.1477	74.6977
115.5872	73.6130
114.4598	67.1266
112.8947	69.8194
117.1480	80.4462
117.4924	76.5779
119.1888	81.6450
122.3946	83.9190
120.1819	81.3713
120.8152	79.7079
123.0851	73.5430
117.4799	70.0836
118.7828	68.7886
117.2738	67.0329
115.7089	68.5392
113.5550	66.4507
113.9569	67.6915
115.8903	68.7271
115.1181	72.5482
116.2889	70.3538
115.4744	67.9478
114.8083	73.0607
115.9043	70.8641
113.4247	70.4582
116.3129	74.9301
114.3420	66.3194
114.2063	70.9903
112.7769	70.5311
111.3880	71.4287
110.9016	75.0865
115.1357	65.4569
117.1481	62.5190
116.4752	67.4216
115.9040	73.4259
117.3738	77.9657
115.9285	74.7937
114.6863	68.3538
112.2950	69.9394
116.3526	74.6405
115.6201	71.6840
111.7035	74.1774
115.3705	66.0975
113.0029	64.1267
110.7292	63.2875
109.5999	58.3438
106.5711	58.4926
109.1375	62.5637
106.2265	70.2314
105.8071	69.7000
110.5230	65.6692
107.5912	63.8710
110.5738	57.7772
109.5429	61.4288
107.5754	52.4410
107.9141	60.8936
107.1661	55.5648
108.5320	59.0242
112.4219	58.9914
111.9344	63.6484
114.0618	63.3578
116.9212	68.3033
115.8975	60.8595
113.3807	57.5032
113.5178	60.9606
112.5895	73.0558
114.6231	72.9686
112.0895	68.2563
112.4358	58.9115
114.5173	70.3387
114.5951	69.5590
119.0787	56.1491
114.8773	57.4600
114.6263	51.6212
118.2756	60.2664
116.0027	52.8003
119.3551	61.7289
117.1244	59.6473
115.5683	58.0516
112.7437	62.2604
116.0582	57.7020
114.6521	62.4747
114.8089	61.7118
114.1280	60.9541
115.4660	64.6902
117.9365	62.3759
112.8653	67.0487
114.2319	55.1764
114.7907	65.7438
115.3745	73.7204
115.2803	65.0758
115.3970	66.4895
114.5428	66.7191
116.2066	52.7884
114.0364	50.7699
114.4719	55.1483
114.0866	59.3586
115.9557	60.6012
112.1804	58.0074
112.5724	58.4213
113.6220	53.6500
111.7737	55.7052
115.4296	56.8011
112.5719	56.2750
110.3179	50.2357
111.6279	48.5377
110.6912	59.2779
110.4615	60.5274
112.3323	61.4574
114.2897	62.2319
114.2242	54.8868
116.5755	56.1196
115.4467	58.0058
114.0891	48.8768
115.8929	60.4343
115.5836	54.6907
115.8242	57.0592
110.8514	57.3532
110.9172	52.2874
113.2752	52.5407
114.2915	52.6565
113.7922	49.4761
111.0940	57.6569
113.0656	58.6563
110.3810	54.3143
108.0549	53.5657
111.4235	54.6258
113.9865	65.9658
115.0321	63.5167
116.8544	62.6623
116.2603	62.1335
117.3484	62.6899
116.6509	62.0170
119.0256	58.9782
117.0943	61.8245
115.6037	57.1181
112.6035	61.1125
113.9486	62.3827
111.3599	53.7014
112.4044	64.3096
113.9892	60.2343
115.5232	58.7810
116.7666	56.6675
111.6475	54.9668
112.5414	56.0415
112.1689	53.8711
115.2212	51.7207
115.7402	55.0987
114.9263	57.5005
116.0535	53.6920
115.7957	56.9433
112.7453	55.6957
114.7067	51.7107
114.7750	54.5108
114.7247	53.8926
113.9613	51.5463
113.9088	57.5697
117.5923	55.6970
114.5226	64.2257
114.1396	58.1269
115.6752	62.1050
116.4934	58.0258
117.6423	61.0767
114.7862	55.7566
114.8740	55.7936
113.8788	57.1721
115.3047	57.3103
115.8691	52.3849
116.1880	52.1617
115.0311	49.7158
115.6444	53.5357
115.7017	53.6706
114.5736	49.5899
112.2478	51.1782
115.1611	53.7713
116.9837	52.4955
114.4348	56.6054
114.7235	51.0868
113.9785	54.6789
114.4319	51.1135
112.8874	49.6618
115.6406	54.3354
113.1061	57.7655
114.1851	53.2233
113.6393	53.0685
116.7966	56.2383
115.0115	48.5736
113.9819	52.6308
114.0126	54.3728
116.0943	56.6990
114.8117	52.9174
115.4066	57.1027
111.6405	49.6302
112.9292	51.5650
113.5450	46.6840
115.0670	55.5640
112.8012	53.5396
115.7051	57.2991
114.7329	49.7353
116.1262	52.7937
112.8712	47.6115
113.7830	54.5032
112.6366	49.0711
115.5673	49.4847
115.4931	48.7780
119.4070	42.9397
118.3710	51.5797
116.9755	48.3738
114.8864	50.1291
112.0273	39.0248
114.4209	42.1466
112.7556	46.2414
114.3683	48.3649
113.7844	46.9402
114.8650	49.3417
110.9349	53.0451
112.3135	53.4740
113.9944	55.2075
116.4050	46.3625
114.3546	49.9797
112.8706	47.7340
114.7176	46.1189
114.2308	43.2087
113.0444	49.1973
113.3364	42.4170
115.6761	38.3505
118.9178	43.6351
118.3383	44.6939
112.6527	36.0316
113.8657	37.1316
109.4567	41.1955
113.4130	39.2996
113.0397	37.4590
112.7720	48.2535
112.8879	38.9179
115.8723	49.6006
117.9640	45.8651
116.7067	39.8243
121.0200	42.7050
122.0540	51.4493
120.4287	49.5198
118.7479	44.9001
119.2835	49.9883
116.4689	41.1304
97.4912	59.1322
95.9741	59.3022
96.9883	59.6324
95.5172	62.3510
94.1512	64.4284
97.3928	68.8857
95.8780	64.0162
98.6615	59.1691
98.2867	58.9547
97.2705	64.6037
99.6450	62.1005
100.0011	56.8779
95.6846	58.2028
99.6524	55.0347
100.3901	58.4314
97.8609	52.1410
99.0580	60.8818
98.0959	62.7958
99.6158	55.8371
99.0983	50.5908
100.7814	58.3755
101.9322	67.0702
103.3281	66.7236
100.7441	66.9285
98.4503	72.7981
102.8191	70.1298
100.8417	65.4838
103.3535	64.4200
102.3171	65.7682
101.8573	65.6059
95.8734	63.6836
97.4831	66.4240
96.3868	62.2319
98.5483	62.8430
95.4515	59.6409
98.4889	65.2507
98.2923	59.6429
98.0134	65.6815
101.0600	69.2107
102.0112	69.7769
100.1024	70.0157
97.1824	70.1490
97.9748	66.6766
97.0549	68.0311
98.8298	71.9308
99.3141	68.7939
98.1288	70.8747
100.2164	65.1249
99.1507	71.0686
97.2908	72.2942
96.6783	68.3477
97.4428	65.8201
96.6574	65.9939
96.2462	62.2659
101.4378	63.0284
103.0574	63.3627
98.7963	67.7701
98.0482	63.6735
95.3412	62.9600
96.2190	67.0908
94.9534	66.3740
97.2386	64.2630
96.4262	64.6485
95.3176	65.2235
95.3614	63.3216
96.7996	65.1319
98.0249	63.9545
96.7622	61.6813
97.0583	63.2055
96.7545	66.6596
95.9947	64.1205
94.4310	61.3018
97.2234	62.0116
97.9607	63.7980
98.7337	71.7914
100.5334	67.4919
101.0366	68.1021
102.2742	65.4273
100.0046	69.9993
99.6937	62.1062
97.9419	64.4338
99.4583	64.7987
98.5149	69.9884
97.6842	60.3789
96.6038	67.9570
98.3966	65.6282
98.5290	66.2975
97.5251	63.5005
98.5263	63.4110
97.0309	63.5896
98.1017	66.9868
98.2857	61.6740
97.9474	61.6593
100.5265	62.3263
99.2843	64.1774
97.3410	65.8524
98.2508	68.7552
97.0747	66.4177
96.8306	65.7843
99.6388	67.9558
99.2039	65.2874
99.6070	64.2110
96.3198	64.0501
100.5361	63.3308
98.4335	58.6438
98.3045	59.5983
99.5248	60.3648
99.2332	64.6094
99.9335	63.6314
98.5105	62.8159
102.2543	68.2142
101.2495	65.4193
99.0958	66.5779
98.3515	65.3367
99.1669	67.9757
99.5536	69.0575
101.0828	66.5577
101.0236	64.1213
100.7605	65.0545
101.1951	65.4745
98.4416	68.9503
99.5273	67.7425
98.9731	69.2145
99.1010	70.2719
98.6422	68.9934
101.1475	68.4911
97.9785	71.9367
97.9732	67.2667
97.2075	65.4448
96.6277	62.8846
97.9568	65.7916
97.9606	66.3379
100.8042	69.0820
97.6813	73.2110
99.5722	67.3028
97.4062	67.3794
94.4111	69.3435
96.1705	67.5943
94.6196	64.1770
96.9441	67.7877
97.8374	71.1769
98.1496	66.7143
101.0013	66.9535
100.6480	69.0151
99.8938	68.2451
97.7286	70.9526
95.4081	71.1721
96.6524	63.3318
97.6426	71.2626
99.1922	75.9007
97.5850	73.5552
98.3987	79.4885
97.0427	76.5849
98.4267	71.5016
92.8249	69.0680
96.0640	66.4390
96.1338	63.0649
94.4031	61.7615
94.3599	61.0395
92.3055	59.5432
95.4284	63.1382
97.8649	61.9881
95.3740	62.4497
94.6783	60.2609
97.9153	63.4943
94.6135	62.0282
95.0807	66.9388
96.4065	61.8118
95.1324	63.5674
96.5921	62.6956
95.6943	59.2724
94.0464	59.0690
97.0053	58.7764
94.0625	56.0783
93.8028	59.9112
92.3763	64.4146
94.5538	58.1602
93.1328	59.4314
93.9621	57.1252
95.2004	61.0831
96.6301	59.7281
92.4251	62.1641
95.2520	60.2679
93.8027	60.5856
97.5104	56.3944
94.7227	69.0446
95.2277	65.2235
95.8699	71.1045
95.7731	66.5712
94.7619	63.0979
96.3611	64.5985
96.2962	64.7629
96.5517	61.2440
95.1792	64.5170
94.2727	63.7282
95.8680	65.3362
95.6464	65.9561
96.1656	64.2291
95.9401	61.8549
97.3966	62.3663
96.7732	53.3669
95.1625	55.6553
93.0271	58.0195
95.1456	55.7074
93.9735	56.7158
95.4797	54.0935
95.3436	53.2204
97.1541	61.4909
95.1134	61.5581
96.7217	62.0784
96.0603	58.9910
95.8037	58.7011
95.7727	59.6045
94.4908	52.1646
93.8017	54.9604
94.4810	54.8555
95.9355	54.0010
93.1132	54.0502
93.5122	58.3217
93.7700	57.4044
93.0077	55.5550
92.6804	53.2474
95.9640	55.5083
93.6033	59.2116
95.3592	55.1944
95.1618	53.9984
94.4316	51.1102
95.9063	58.0357
95.9412	58.0363
94.9526	52.7884
94.7969	53.6501
96.9401	54.9488
91.1790	53.6309
94.6421	56.5220
92.0996	55.6316
94.5107	56.4475
94.6970	55.9583
95.3784	58.4243
94.6875	58.9456
95.4080	57.4054
93.8459	55.7125
93.7878	62.3295
95.7193	61.1452
94.2844	60.5502
95.8034	57.9577
94.1669	61.7658
95.6378	56.9848
96.5992	55.4144
95.5280	51.9626
95.2757	55.9510
97.3271	51.6672
94.7636	56.8119
94.3696	60.1401
96.5408	55.9416
96.8406	54.3202
95.9023	59.9494
98.7005	54.2837
96.5544	55.9167
96.5368	56.5333
97.1979	53.2142
96.7580	59.8677
98.5443	56.9053
93.7522	62.3585
94.6973	54.8964
96.9110	55.5618
95.4675	53.7040
95.5689	55.4998
94.4128	56.0220
95.5494	52.5506
96.5135	50.2704
95.1213	52.9693
97.1825	52.5427
96.7619	53.1626
95.4756	55.6873
95.4560	57.5782
95.1976	57.8472
96.4195	58.8260
95.5657	57.4158
96.7510	64.2890
96.1331	58.2248
96.0104	65.0922
94.4893	60.0032
93.5717	62.4435
95.7525	58.2031
95.7045	56.9082
95.5497	58.4005
95.8552	58.4940
94.2988	64.9562
93.3768	67.5286
94.7244	63.3311
96.8755	64.8131
93.6838	60.3277
91.3293	67.5968
92.6906	56.7265
96.3581	63.7013
96.9897	61.3737
96.4079	62.4631
96.9264	66.1227
94.4538	60.4925
94.5317	62.7477
96.4214	56.9130
96.0204	58.8298
96.1582	60.2951
96.3162	54.4751
94.7305	58.7239
95.3150	57.2004
93.9366	57.6066
93.0434	58.1647
93.9738	57.9137
93.6332	57.3985
94.6705	51.5834
94.5205	59.5207
94.1549	61.7552
96.1557	55.6754
95.2751	55.4738
94.0187	55.5768
95.3080	55.4663
94.0047	56.2992
94.3884	54.0571
93.5207	55.4368
95.0579	53.7222
95.0160	58.5236
95.8246	55.6946
96.0781	58.5559
95.4287	55.6971
93.5102	60.6980
94.4709	53.5062
92.1562	57.1733
94.1855	55.0110
94.3462	50.7425
95.4884	53.6701
95.7270	51.0703
95.5140	54.3237
94.7877	55.7191
96.5606	55.3991
94.7833	57.4394
94.7569	53.8860
96.9243	57.1470
95.1809	62.3279
96.7218	61.1917
95.5572	57.6998
96.1348	52.3154
95.6104	56.4860
96.6472	55.0642
97.1826	56.0071
96.1824	50.0092
94.7604	55.2092
97.3107	55.0238
98.1815	52.1249
96.0752	58.0548
96.0059	58.2140
95.5907	53.1258
97.5774	58.6741
95.6936	54.2714
96.1172	57.8393
97.8515	56.5698
94.0095	53.7183
92.6703	55.8120
94.3319	52.7621
94.2207	56.2196
94.3221	58.6129
93.2585	67.0782
92.4142	57.0693
94.1452	53.6187
91.8522	63.7898
92.1993	61.6189
95.1485	54.9294
95.4246	61.9092
92.7695	62.2485
96.4449	53.1523
95.8149	61.2773
96.0997	58.1042
97.2215	60.4825
98.3027	60.4359
95.4908	53.2390
96.4160	59.5213
94.3571	57.3347
94.5485	58.5466
96.9118	61.3312
98.7801	59.3482
99.6184	61.2022
100.5544	58.8809
98.9310	52.1935
100.2467	53.3469
99.4094	60.0895
98.1071	58.0546
96.9207	56.4902
97.4333	59.3277
97.9775	61.9640
99.5182	60.3460
96.8740	58.0148
95.8683	61.6432
95.5559	53.0024
98.8870	58.4177
100.7278	56.5227
97.8152	51.6121
99.8515	58.1076
100.3901	57.2822
99.0179	57.0192
98.1078	63.0414
98.0247	59.0733
99.3111	63.3409
98.7069	61.9197
100.2334	63.9042
100.4713	63.4121
97.6509	62.8349
97.4527	62.5434
96.7448	63.4634
99.5510	58.5952
101.1837	61.0511
96.9918	62.9624
98.6138	63.4845
100.9491	58.4322
100.4257	58.0850
100.6082	57.6489
97.3399	60.9398
99.5324	59.9739
101.3644	60.6396
98.7183	58.8275
98.6024	62.4073
100.7796	61.5164
99.6933	59.2544
97.3655	63.6928
99.5931	61.6900
97.3759	61.5777
97.9730	63.1444
99.7819	61.8621
97.9399	58.7290
97.9487	61.2267
97.8138	60.1419
96.9620	59.3255
98.8271	61.7038
99.5465	64.5917
99.2928	67.6321
100.0241	60.5071
98.8906	60.8957
96.4422	63.1439
98.3705	61.3983
100.4923	63.0863
97.4647	64.2883
103.6318	72.1325
102.7160	70.9717
104.7030	69.0615
104.7978	81.2929
104.2920	75.0380
102.5396	73.2259
100.3310	77.9101
100.9503	79.7834
100.8229	76.7781
103.5348	73.4861
100.5138	68.3796
100.4195	68.3920
100.5104	71.4402
98.9160	75.1203
99.4244	69.2153
101.5103	71.7674
101.0645	75.3621
101.9422	68.8630
102.1121	70.7281
99.9067	75.1780
100.9948	75.0692
101.0038	72.7818
102.3585	67.3507
102.5624	66.4223
103.1393	70.0161
101.0815	65.5063
97.6260	66.5679
101.1242	70.9694
102.8368	71.1965
100.5900	69.4784
104.1844	66.2599
100.6535	62.4712
102.4748	64.4661
101.3695	68.8699
100.1941	64.9006
101.8430	60.0656
99.6997	61.3271
99.3506	59.3067
97.6804	62.2752
98.3330	55.0178
97.0105	58.6079
99.3479	56.4915
97.1736	58.9596
97.3713	56.4863
99.4530	56.4906
98.9313	66.3580
102.9420	64.8349
103.9491	72.8416
103.7531	70.7766
102.0505	70.6894
100.9254	70.2052
103.7938	66.7903
104.7778	68.4419
106.0172	67.3545
103.5255	68.1819
107.3321	63.1808
109.0225	65.6258
110.0669	68.4969
105.4187	69.1171
108.2486	73.0087
105.5085	78.8590
109.0762	78.8865
105.4150	81.2389
106.8736	83.7190
107.6569	79.1384
106.2506	70.4705
108.8018	80.7772
110.8144	81.2553
110.5344	79.9750
108.1310	79.8770
107.7450	80.8077
111.0462	88.9128
113.0567	90.8278
111.0552	89.7164
112.2642	79.6185
111.5234	88.5215
112.8611	83.0301
110.9660	86.1094
111.4591	85.3586
112.1403	88.7678
113.5870	90.7678
110.8732	94.8327
109.8199	92.7779
112.7846	81.2740
109.5579	76.9034
108.1119	77.6618
110.4360	75.4860
107.9197	81.5591
108.6232	88.5706
111.0772	93.2955
111.8162	81.5585
109.4899	85.7088
112.1708	90.7604
105.5366	86.7602
108.5472	83.2272
109.0651	79.0537
109.8396	79.0701
111.5258	84.5386
110.6144	81.0764
111.7646	82.2857
108.8615	82.9100
109.0553	81.5923
111.2973	79.9811
104.6342	79.8821
109.0540	78.7376
109.3009	77.3173
107.7472	78.9514
110.0525	71.1762
109.4467	71.7524
109.1040	71.3627
107.8840	74.2351
109.1328	71.1631
111.0256	75.5357
110.8750	75.4306
111.0316	78.5633
110.3199	77.3996
113.0445	73.6291
112.7408	74.5142
112.4796	75.2335
113.7698	72.9021
108.4226	81.5175
111.6545	87.2325
111.4803	79.9798
112.6021	77.5597
110.1620	80.1743
112.3022	84.2554
113.7980	80.9348
111.3069	80.5810
109.5773	74.4259
112.9833	80.4461
112.8112	73.5250
111.6320	76.7225
108.6113	80.0043
108.2352	80.5247
111.1952	77.3331
110.0110	80.7501
114.5145	81.7706
113.1792	84.8619
111.4272	83.4915
111.2164	71.4175
109.2605	83.2959
110.1200	77.0148
110.5580	83.0422
112.8276	78.8786
113.2929	87.3771
115.0703	79.5227
110.3633	74.8381
109.8738	76.9230
110.5528	84.6277
106.7396	76.3942
106.0111	76.5663
106.8902	73.8663
108.3397	77.7312
111.3276	75.1277
112.9474	75.7988
109.5430	71.3045
108.5061	76.1206
109.9088	80.8389
109.9212	73.8007
107.8769	77.8420
108.5790	72.6013
109.3382	74.5832
109.7889	78.4602
110.4813	78.0658
114.1473	77.4519
114.0611	77.6093
112.2636	82.8182
112.9617	83.6455
115.0848	81.4315
111.7180	79.7916
108.6579	79.9394
106.3950	79.0488
107.3070	75.1561
105.6776	75.7760
105.9241	73.7087
106.5032	78.4800
106.2046	72.9938
106.5833	75.2544
108.7936	69.3804
108.3839	68.8661
107.4585	76.3215
107.8079	83.8837
109.5737	87.1429
109.2574	79.9696
111.6808	84.9887
110.6378	80.8421
113.4490	81.6728
109.7160	77.3603
110.7404	76.9809
108.8721	82.7212
110.1782	85.8165
112.5792	82.9919
112.1563	85.9837
115.0831	90.2945
109.7251	89.6340
110.3303	79.3126
110.4357	91.5265
110.0559	84.9535
111.0319	86.0674
108.0210	85.1024
108.2724	90.0506
105.4040	81.1262
108.8375	86.4435
108.5833	86.3694
110.4431	86.2697
107.6980	89.8336
108.6336	85.0107
109.8279	88.7442
112.7113	83.0389
107.6508	89.2066
108.2790	83.6769
110.3287	89.1394
115.0747	96.2187
113.0872	90.3368
109.7834	88.4585
115.0669	90.5118
113.0875	87.2683
117.3189	92.6526
116.2485	93.8178
111.9600	87.7172
116.5132	83.8509
112.6569	83.3262
115.4955	83.7935
111.5315	75.6658
110.0590	76.4936
110.3119	81.0721
111.9732	82.1134
111.5853	80.7449
110.4778	77.8351
111.5794	79.4210
112.2053	68.3437
107.1474	79.3280
115.0843	87.7407
113.9848	81.3755
115.5059	81.3841
108.7961	78.9052
114.2490	79.3186
111.5803	81.4601
109.1245	75.3299
113.6348	71.6427
110.1085	72.4744
112.9705	75.8971
112.6266	71.9051
113.0475	73.6312
109.6979	76.7654
113.1486	76.7584
112.2657	75.2750
109.3606	74.8835
110.2524	73.6602
109.2706	72.1066
109.9074	78.9038
110.4398	81.7645
111.1433	86.2808
110.9872	78.3680
111.3224	71.1589
109.6234	74.7751
111.3175	74.6083
109.8940	72.8107
112.2031	67.3415
108.1168	65.3184
109.5545	65.6905
113.3374	68.3306
110.3407	68.6940
108.6756	76.9365
106.2206	71.1601
110.0535	75.7905
110.5660	78.7381
112.5063	80.8743
110.3730	70.5098
107.2946	74.8692
111.3873	69.9774
112.9657	73.6167
113.1194	80.6961
113.8618	81.8053
111.7373	79.5802
111.3283	72.8240
111.1895	69.7171
112.4538	82.0058
114.2008	86.1342
112.8371	80.6252
111.9057	86.2263
112.3819	81.4914
110.7123	81.6543
109.5396	87.7760
114.6970	87.5017
115.7784	85.3219
114.9355	80.5881
112.8815	77.4048
110.6435	78.0109
109.8839	83.7688
109.2835	86.3671
110.0763	86.8854
113.1552	88.4664
107.3028	90.0788
108.1776	81.2637
112.1978	81.4144
112.5656	73.4255
112.7292	75.4321
109.7337	72.1725
110.0046	67.5318
112.0784	59.8116
111.6597	65.5905
110.8478	67.2771
112.0099	70.9956
110.2776	70.4145
112.6158	82.9149
109.6876	76.3735
111.5345	74.0854
110.5046	77.7756
108.8927	74.3534
110.8478	88.8531
110.0632	86.9569
109.7299	85.9186
109.3557	79.6879
108.5157	75.5174
108.9585	64.9921
111.8209	74.2481
108.3598	69.8977
109.6800	73.4700
108.5925	75.2702
110.2009	74.8630
108.5432	74.5448
109.4393	73.8457
106.9493	83.5912
110.4100	68.2887
111.2447	76.1230
110.1419	70.4115
108.0255	62.2343
108.0977	70.0394
106.6245	72.9469
108.4438	77.4897
107.8374	71.3967
111.6492	78.9976
108.8917	76.4309
111.2963	70.6906
110.4795	66.6294
110.6169	71.0453
110.3742	68.5454
111.0954	63.5723
110.9494	67.0979
109.8356	67.1772
110.4640	67.0389
110.0951	70.3431
112.1123	70.2476
107.0509	67.2979
111.5118	79.0531
114.3236	79.5114
113.1696	84.1501
111.5784	76.3912
112.3106	78.2317
111.4896	82.8738
113.3316	74.9933
110.9978	72.0952
110.7456	69.0406
108.0335	72.4381
109.3873	65.0877
108.6181	70.1805
110.9852	65.9506
110.9603	72.5581
111.8700	71.8856
110.0456	67.5854
112.5473	70.0287
111.4727	73.2859
111.2007	82.4246
110.8174	81.8370
109.2075	78.0549
114.2876	73.3141
112.0710	82.1405
112.4262	80.6693
110.6843	72.7967
112.9685	70.9991
111.5299	75.5913
113.3859	82.7651
111.3477	70.8259
115.0815	77.1263
110.1190	76.6227
110.8826	59.6939
116.3308	67.6695
115.6928	77.3034
113.7682	72.0473
114.6174	70.9989
113.3621	80.7409
112.3531	74.4820
115.4866	82.3040
113.1653	83.0181
114.0991	78.4113
112.0715	76.6172
114.1209	80.9834
115.9919	72.4774
115.5563	69.6914
112.9837	66.7879
108.6390	67.7847
110.2358	60.4597
112.0368	62.4388
109.4713	56.0091
111.0523	61.2827
108.1650	50.8515
109.2895	54.1851
109.4518	59.2716
112.1538	68.0276
113.7179	76.4157
113.5909	71.8082
108.1725	68.3385
108.0901	60.0073
113.0393	69.9013
109.3270	68.2280
113.9656	70.1809
112.8065	64.8247
110.2312	66.3722
111.3386	73.3062
112.5675	66.7017
110.6827	64.1646
110.4943	69.9842
112.4176	58.6005
113.1101	62.3819
112.2100	63.6580
108.2936	65.2901
110.2247	69.5640
107.9767	65.0124
107.7120	64.0744
112.1969	79.6622
110.8882	77.9627
111.4629	76.3914
108.6566	77.1415
112.8249	76.7687
111.8188	89.2941
109.4003	71.6535
108.7913	70.7799
106.0618	63.3316
107.0147	67.6936
104.1303	64.9386
105.2110	58.5688
105.7414	52.7652
107.8865	60.9684
110.6777	56.7281
109.9448	55.1703
106.8544	66.2837
106.3056	71.2602
108.1718	75.0158
106.0442	75.5954
107.0445	79.9534
108.9500	75.9760
107.1567	77.1927
106.4511	74.9994
106.1007	78.5749
104.5187	74.8758
104.0244	67.7926
105.1117	67.1264
103.3206	72.9171
104.4131	70.5320
105.0995	80.5732
103.6841	70.1871
101.4161	70.2801
101.9751	72.1669
101.1570	79.6936
103.3908	71.8017
103.2638	72.7129
103.9173	77.9104
108.8844	78.6654
109.6117	63.5079
108.5104	72.6925
108.4676	68.3067
107.0949	70.3444
110.3780	65.6592
109.6841	68.6065
110.9600	63.0391
109.6927	68.9904
113.1864	77.3273
110.5272	72.1294
109.9874	78.5559
108.5917	79.6259
108.7205	70.7002
109.5253	77.7846
110.5214	83.7303
110.6644	87.2750
110.8202	82.3445
110.3959	76.0079
113.2397	87.4887
110.9574	79.2474
109.8733	76.0838
109.6179	78.3788
109.7571	88.2668
108.1353	84.1815
107.7005	90.8872
105.6929	85.2381
107.8077	83.9234
109.2673	77.8085
110.6778	75.8755
109.2117	83.4504
108.1192	87.9917
107.6368	87.6176
106.9096	90.2497
110.7908	84.1148
110.6814	83.6384
110.4245	88.3284
111.8687	82.4745
109.5966	86.2590
106.5259	93.9884
107.7616	102.1251
108.0706	96.2665
106.5640	101.4208
106.1528	102.9459
107.0370	103.4765
106.7436	103.3841
108.3582	115.2535
105.8931	107.5473
106.0341	114.6000
109.4285	114.6363
108.1069	111.6163
106.6526	110.0320
105.4239	114.9877
105.6915	110.3731
107.1622	104.2915
106.8249	102.8362
105.6460	98.7316
104.0207	99.1379
106.3388	95.8015
110.8585	97.0047
108.6763	110.2565
105.6724	106.9432
109.4806	112.3229
107.6543	107.3694
107.8410	93.0778
108.2183	106.7291
108.5475	98.3835
108.9321	100.5392
108.1776	90.6933
107.4585	99.0746
104.1578	113.0343
105.8743	115.4857
103.9433	112.9936
105.9083	109.8808
105.7448	115.1131
106.6750	115.7702
108.8476	103.1656
107.1941	100.9839
107.1584	105.4449
106.1688	101.5029
105.2780	107.6894
108.4208	102.6325
106.9264	112.2501
106.2803	113.1685
107.4610	106.8415
106.1180	115.7032
104.3247	101.3802
102.3385	117.3349
106.1765	106.8589
107.9777	106.6681
108.3286	113.4877
108.1181	112.7661
110.2788	109.0687
104.9743	111.3942
109.3560	100.8366
104.5441	111.4550
105.5920	108.5472
105.9546	108.3059
105.5903	113.6325
106.0266	116.8554
108.5688	107.2314
108.2979	111.1480
112.3362	74.2903
111.2712	79.4782
114.1015	79.1195
108.3492	76.0177
113.5600	79.7994
109.3668	77.7208
111.2911	83.4245
110.7587	77.3621
114.5892	69.8344
112.5566	71.9988
112.3024	76.2881
114.3920	81.8401
113.1428	84.7905
113.2455	85.9248
113.3437	82.1879
112.6196	79.3125
111.7294	79.0199
110.6016	74.0971
111.3148	80.7317
110.1371	73.5322
111.6146	71.6411
110.9883	76.5513
111.9299	72.6434
112.6431	63.4329
108.8292	68.6273
110.8144	74.2603
110.8077	80.6181
109.7825	72.1997
110.6480	79.1131
113.0107	74.6583
111.8300	78.1417
111.0189	80.0483
110.9545	78.7504
112.7136	80.5698
111.2230	81.8994
110.0614	85.6355
105.9768	77.1556
107.1598	75.6347
110.1807	75.0654
111.4231	84.9215
110.1316	74.1984
111.6763	77.5603
109.2642	75.3584
106.7988	78.3933
106.1653	62.8595
109.6187	71.4088
106.1284	73.3774
106.8695	79.6445
106.2820	71.4781
107.4015	74.5573
108.1789	75.5849
107.6305	65.1295
109.8680	71.5131
108.1560	71.2963
107.4503	65.0366
107.9503	76.8808
105.6819	71.9775
106.0610	65.8496
103.5959	70.3962
106.4052	74.0199
105.2313	80.2429
104.6482	83.7493
106.9654	84.8982
107.2037	87.7272
106.9564	78.8468
104.6927	77.0829
105.6435	67.2984
103.8529	76.6220
104.8387	71.9533
106.5612	70.2037
103.7119	67.7746
99.9316	75.0890
102.3868	73.2719
102.3807	72.8785
101.2806	75.1749
104.4941	73.5920
103.2105	73.3526
104.7408	64.0056
105.0989	70.7806
100.6767	69.3750
102.3319	60.4352
102.6989	68.7262
98.3874	65.5091
103.7281	73.5239
99.4445	75.3367
103.7176	70.0421
106.2522	70.3955
99.3697	68.8269
101.6876	76.6154
101.2300	69.1317
97.5228	68.9408
99.4780	76.6568
99.6249	77.7613
102.9302	73.3154
100.7617	72.5150
99.7992	71.6173
99.0318	68.2392
101.8375	78.1901
99.5297	74.2651
101.3005	75.2257
100.5969	77.6309
100.3528	78.2708
98.9415	79.9005
96.1918	68.8126
96.1635	66.3302
98.4807	73.1406
99.5129	69.6307
101.6733	65.0975
100.8106	66.1473
98.5877	65.0455
95.9467	59.5804
96.2752	61.4560
96.3686	59.1297
97.8900	58.8981
94.1367	58.6283
99.5205	65.8702
101.2357	68.1260
101.3581	71.1318
104.1860	69.3999
102.9987	61.0383
102.4961	58.8933
100.8777	65.7948
103.6001	66.1511
99.8006	64.0304
102.5672	68.9171
103.4198	68.1054
100.1276	66.4182
101.9887	69.6800
103.8507	71.1597
101.9730	66.0904
104.7829	61.0917
99.5666	66.5159
98.7583	63.0223
104.2614	60.1886
102.8924	63.6145
102.6840	69.2541
100.0708	68.8511
100.7879	59.0177
101.9708	63.7288
104.4072	65.6056
105.7604	61.9264
104.1202	61.9569
105.1586	66.4583
105.7918	65.0745
102.0264	66.7717
101.5739	68.0461
96.9412	70.9067
97.7992	66.1926
97.7025	69.8453
98.9647	77.8286
97.6703	75.3482
99.9995	70.7066
101.1241	69.4723
102.4119	72.8475
99.6544	67.7849
102.0924	69.7857
105.4458	72.5263
107.6830	72.9026
109.2419	77.9842
109.1833	76.7489
109.7158	68.4745
108.9213	74.9450
103.5235	73.0694
104.5542	65.3824
102.2269	70.2484
101.0911	61.8769
103.7615	65.0728
105.6869	67.6286
103.9563	69.4662
105.1941	70.0397
101.5087	68.0296
103.1020	72.6275
100.8960	74.3272
101.6757	70.8580
103.4514	73.0046
104.9721	69.7152
105.8326	68.7298
105.8271	65.7878
103.7405	68.6706
105.2985	72.6861
105.0151	73.1852
106.4750	70.1896
103.4425	68.7936
105.5487	67.9951
102.6425	68.9451
105.6682	58.9243
103.2971	58.2988
104.0122	67.0858
103.8900	68.9656
103.8818	62.2461
105.1113	54.9441
106.0049	73.9142
109.5864	64.8824
105.7008	68.4082
106.7903	64.1269
103.3003	62.2256
98.2692	59.7211
98.8620	57.5000
98.1337	49.7875
101.0275	58.2396
97.7437	52.5268
98.8577	55.4592
98.5914	57.5800
98.5757	57.6431
100.1738	59.0731
101.1958	60.0627
102.4933	57.0057
99.4888	61.8071
103.1815	58.5490
102.0616	67.7146
108.9428	65.5776
107.7537	68.7927
103.3432	65.4127
102.0521	58.6033
105.2449	62.4941
105.9690	59.1049
105.8086	58.6173
105.4680	61.2916
102.7613	66.3549
103.5167	67.1061
104.9567	63.3085
106.9443	63.8769
107.7420	63.3131
107.4721	59.8031
105.6712	57.8366
107.4441	58.9264
105.6925	58.5865
107.6568	61.0137
104.8497	60.4087
105.8156	57.4790
103.5205	61.0347
103.9906	63.9314
103.1936	59.9166
106.4256	57.3004
103.5134	54.7462
102.5878	58.1788
102.8527	55.7579
106.9564	50.9871
100.8981	46.3519
100.8373	46.6350
100.2655	38.8262
101.0686	44.7644
100.6666	40.6712
102.8361	45.7014
100.6795	43.9555
101.7524	43.9196
98.9683	44.6669
101.5112	50.1820
101.4622	50.9573
102.5382	54.5745
101.0261	47.0101
102.0111	49.0053
99.5122	49.9681
100.5368	47.9252
97.9891	51.4886
98.6079	50.6086
100.7925	47.4421
99.6931	49.2826
100.6746	49.5018
102.4241	46.6775
98.5146	49.9852
101.3018	44.8222
99.4264	47.3288
103.7151	42.3373
102.4903	46.4473
100.2086	45.0067
101.1598	45.1766
100.0563	48.3344
99.6538	50.3216
99.9707	47.4811
101.3081	48.4525
99.5658	43.7776
99.2968	48.7356
99.8910	49.6735
101.0274	45.8723
99.8872	50.4920
99.9634	46.2670
99.1552	44.9157
99.2537	45.0677
97.4563	41.2629
98.3835	49.1056
96.9699	48.1568
99.4719	44.3715
97.5146	44.2575
100.8418	44.2106
99.4221	45.8839
99.9867	45.5185
99.4552	44.4684
99.2042	42.5128
99.2900	51.0191
97.9954	46.7995
98.8096	49.9186
99.5888	49.5680
99.7608	47.6888
99.8244	46.9819
97.8894	49.8797
96.5231	50.8259
98.2283	49.4660
99.1872	53.3921
97.4219	49.5883
98.8323	46.0933
100.0699	45.7406
97.7152	45.1507
97.1787	45.5204
100.2692	46.7688
98.5897	48.8795
96.8211	44.7319
98.9803	44.5380
98.6883	46.8796
98.0829	47.6926
96.3760	46.2905
98.5012	46.4349
99.9827	45.3848
100.2044	48.3712
97.8366	41.4526
96.9723	48.3824
98.4558	45.0147
96.7575	54.4000
99.6770	46.9591
96.0709	52.5872
97.8262	47.2078
95.6959	52.5926
94.0808	52.4936
95.8918	49.2633
95.0935	50.9798
95.8577	47.7194
95.0631	50.1759
93.9336	45.6424
93.4947	41.4833
92.4062	40.7717
94.1487	39.3435
96.8020	42.5201
96.9397	43.3959
98.2255	43.4672
98.2251	39.5209
95.5736	41.5402
96.5665	43.8724
96.3739	43.7988
96.9008	44.1151
97.5062	44.7282
97.7207	40.1141
97.4155	43.3825
96.7631	40.6776
99.0734	43.0431
98.4545	44.7323
98.1282	46.6231
98.3417	45.0485
95.6870	43.7549
96.7913	42.4871
97.8881	45.6186
98.2338	41.1265
97.0419	41.2323
95.9592	43.5677
96.5141	41.8903
94.1037	49.2005
97.0703	44.8795
99.3695	46.3203
98.9623	43.7889
99.0925	47.0782
99.3973	47.2859
97.5590	44.0816
98.1683	41.4147
98.4919	46.8881
98.4098	45.4361
97.8736	42.4204
100.2983	40.7116
97.8745	43.3979
96.1489	42.5360
95.8770	39.9555
97.9058	40.1747
98.2286	42.4204
99.0147	37.1422
98.0033	39.3749
99.0678	41.1339
95.7267	39.5784
95.4374	47.8725
97.7042	49.9443
96.3122	47.6711
94.9732	42.5232
97.3242	44.8871
94.7533	39.8276
99.7808	44.3593
96.6924	48.8107
97.8372	45.5265
98.3642	45.4674
98.8460	44.1664
99.3075	46.4327
98.0185	40.6996
97.3990	41.4306
99.7080	48.8370
99.0061	45.7898
96.4123	49.9584
97.1069	47.9638
97.1508	48.6110
96.0461	45.4884
97.3769	51.3461
95.8626	47.8337
95.7483	46.9315
97.7833	48.1769
96.7869	45.9459
95.1897	48.5820
97.1708	42.1247
96.9220	45.0923
94.9530	46.9218
96.0579	50.7145
94.8576	48.6279
95.3251	43.0148
95.6945	41.0065
92.8738	47.6260
97.5643	47.5291
95.0152	51.6614
93.6060	41.9988
98.3009	48.5240
92.5727	45.5735
95.5504	47.1010
96.7940	46.8022
96.2436	47.7150
95.2608	46.8474
96.4994	44.0402
94.8807	50.7419
94.6371	46.1487
94.4427	47.4841
96.8255	41.4711
97.3635	47.6181
96.8643	41.9311
96.8064	44.1715
97.7652	49.4177
98.4655	47.4097
96.5140	46.9031
95.3429	49.6621
94.7274	47.1280
98.1380	50.4736
98.7265	46.2137
94.5530	50.2846
97.1735	50.2940
94.2782	53.4641
94.1447	47.1634
94.6739	44.0100
96.6801	46.6265
94.8468	44.8995
94.1339	43.9331
98.1897	47.6747
93.9699	40.2265
95.1149	45.9527
98.5657	50.5443
94.8719	50.3019
95.6535	48.9815
94.0401	51.1932
96.3477	50.4651
98.8441	49.2331
96.4563	52.0232
96.1019	48.0174
98.7355	46.9471
97.3693	50.5842
95.7155	51.7970
95.1312	53.0114
93.6950	40.4036
95.8642	47.7270
95.4865	48.5073
99.4025	43.1194
95.9540	49.2714
98.0694	45.7128
101.2324	48.1445
95.5004	45.1224
97.4580	51.3610
97.5852	50.0717
94.8658	49.5445
96.7274	48.6770
96.3636	48.8609
97.9667	50.9064
98.1290	49.3169
95.7170	47.9336
94.6202	50.5103
95.5333	50.5903
96.9256	50.8092
96.4636	51.0799
96.8085	50.6248
99.0250	47.2515
97.6155	52.3840
94.3122	46.9477
97.3116	46.8764
96.1892	49.2613
99.0917	51.8908
97.4906	44.2978
96.4631	54.7359
97.8816	57.3028
96.6639	55.1791
96.6077	47.5964
95.7838	48.3698
98.8234	42.9791
96.2573	48.7587
95.5965	50.4520
97.7641	48.7693
99.7809	42.7878
98.6396	44.7968
98.7460	44.7165
97.5278	51.0189
97.9253	49.6000
94.6405	52.3850
98.1106	52.1010
107.0340	76.7077
109.1642	72.5679
106.7514	72.9643
108.3211	62.0031
108.0181	64.2205
109.6959	59.5034
107.7881	61.9285
108.1012	65.7674
111.8885	57.5400
106.1823	60.2868
106.7339	60.4847
108.1783	61.1391
108.2541	69.2029
107.6616	59.4835
107.8766	59.8472
107.4099	54.3087
108.9102	63.1271
107.5550	61.3271
107.1740	59.9126
108.6317	55.5644
108.1406	52.1868
111.1451	61.0826
107.9432	62.3408
107.2262	68.0853
106.9314	62.6360
106.5646	60.1658
111.5002	58.0079
109.9207	62.3053
111.3711	67.7649
110.7363	67.4467
111.9949	71.3659
108.9348	74.3620
109.6275	75.3326
112.2336	77.9203
112.3088	79.1655
112.0421	82.5133
113.1656	82.2072
110.7372	75.1446
109.8244	73.5973
113.0218	73.9352
112.2766	74.6502
112.2363	75.2299
109.0311	68.8014
106.8777	71.9824
111.5280	76.4520
111.8655	68.1161
112.4898	68.9964
115.0959	72.4731
111.6604	71.4567
111.4273	71.2484
111.1179	73.4682
108.6948	88.2656
112.4819	89.3198
115.7278	90.5850
111.2577	83.6829
107.2896	85.2271
109.7405	81.9724
113.7092	80.6394
114.5132	87.6921
111.3548	86.0325
112.4037	78.8761
113.4899	75.6591
114.1011	73.1634
113.9128	75.7073
114.2357	72.9011
112.2328	71.1721
113.6834	72.1517
112.1982	66.6604
110.5620	69.8881
106.1042	70.2129
107.6184	71.9518
111.8950	75.5745
114.3887	73.2813
110.0481	79.0002
110.5090	83.9030
106.7554	77.5139
109.7192	80.4200
107.3222	85.2669
108.6963	80.1417
112.7479	92.7756
112.0659	88.8959
110.7104	89.4187
108.3462	78.3759
108.2401	77.5919
109.5640	67.9323
112.0987	67.4642
110.3955	62.9851
111.7010	77.8854
109.2714	82.1488
109.0615	79.5028
110.9089	65.8361
113.5256	76.2843
108.4846	72.1981
108.7662	73.3594
108.8245	70.5390
109.7623	65.5276
110.1590	74.1431
110.1918	66.0599
109.6790	64.0610
108.7838	69.1064
108.7548	64.6887
106.3596	61.2827
105.7859	66.8726
109.0787	72.7716
108.2630	73.4698
108.8345	64.8661
107.1403	61.3305
107.6692	61.3988
105.4090	62.1067
106.8003	63.0959
109.0913	61.4645
107.7256	58.6104
108.2954	52.5029
108.4532	53.8340
106.2143	58.3443
109.7915	56.4686
109.8089	61.2398
109.7791	57.4711
109.8119	53.5021
113.2317	67.8447
110.9240	68.7896
109.7149	71.8713
109.7080	72.9037
109.1881	72.5041
108.4410	68.7330
106.5609	75.8866
110.0089	80.5727
109.8910	78.6892
110.1251	75.0492
111.9663	75.1893
110.1291	67.0250
109.2907	67.8320
108.6126	67.5329
109.4028	67.7636
111.0724	74.7514
110.1817	74.5720
109.9817	71.3425
108.0898	71.6483
108.0966	72.6379
107.7302	76.9869
109.4084	78.6016
106.6849	66.1781
110.9500	68.7943
114.0402	67.0068
113.6081	65.1435
113.2848	67.0852
112.2045	60.0107
112.0585	66.0141
106.0134	68.8047
105.8277	68.9631
102.6245	66.9954
106.9079	70.0905
107.0077	73.5059
110.4442	64.4043
106.1551	74.6984
109.1660	70.1148
108.7082	72.2726
107.9226	68.9907
110.7532	73.7107
101.6632	65.6766
107.4154	67.6610
103.6525	71.1643
111.1045	71.5991
107.3914	73.0962
107.1741	69.8422
109.4949	74.3805
109.4431	72.2771
111.6513	73.7205
109.8113	78.3466
107.0351	76.1746
109.4500	82.2301
110.1686	75.4790
108.6845	71.4917
111.4019	68.8614
111.0645	77.2947
108.4328	75.4733
109.4462	70.2274
111.0834	73.8820
109.8233	74.0668
109.6954	76.9100
107.8599	71.6137
109.8682	75.8795
111.8102	74.2480
112.0090	74.7538
111.5490	75.2213
112.1460	79.7605
110.4119	81.4235
108.1957	74.9665
109.4835	77.0100
113.9610	77.9741
109.5200	76.4381
110.7137	74.5782
114.3557	70.9967
109.7511	61.3720
113.9476	61.4047
110.0319	64.2078
114.2402	67.8646
112.8481	64.7538
117.0444	73.2930
113.1169	63.9661
110.6341	71.3338
109.1988	66.0256
111.4844	73.8313
112.5742	66.8912
110.2754	64.2804
112.3773	63.2725
117.3064	71.2322
114.0370	70.2559
115.1095	68.2901
116.8573	75.3767
120.6074	68.9376
114.3973	73.2545
116.3185	68.8742
112.7883	72.6818
115.9108	66.0778
116.2597	63.6702
117.3020	61.2225
115.9563	52.2643
117.1129	56.8621
114.8713	58.3727
116.6728	55.1190
113.5124	62.6487
116.8494	68.3828
118.0601	67.0163
117.2187	67.4722
118.8465	70.9175
115.1721	71.3010
113.5546	67.5190
114.5083	71.8896
114.6834	70.8205
117.1989	73.7117
121.2281	64.4458
121.4406	60.4473
116.7606	64.2613
116.1606	58.7941
115.1168	62.5178
115.3952	69.9213
115.9861	81.6989
115.4251	65.6308
120.1412	76.7019
117.8330	65.5856
114.0529	61.7457
114.7166	61.6601
117.2335	60.2535
115.9575	59.3937
114.4271	58.9003
115.1299	56.9619
116.1120	52.0727
111.5054	48.8400
113.3741	49.3345
113.3911	64.7745
114.4655	64.0258
114.8594	68.5193
115.8493	65.4958
116.9631	65.6116
109.9059	60.1465
114.6767	67.1386
113.5863	59.6047
116.6870	57.2969
116.0167	64.2047
113.5923	62.2453
117.2689	62.6913
116.2791	61.3318
116.9772	54.9753
117.4682	66.9624
110.5227	61.7502
112.2107	66.8388
114.7432	67.1464
116.4818	65.1800
114.9437	73.2268
113.8440	72.3703
114.3561	74.0087
116.9624	75.0218
114.7107	67.3408
116.0488	73.9657
115.1144	68.6934
113.5402	70.1444
114.0265	74.2846
110.5877	71.9276
113.6826	69.2491
111.2835	72.8447
113.3295	70.2934
113.4647	75.8872
110.6922	75.1133
110.0049	73.5599
115.1655	70.1962
112.3167	65.7909
109.1176	72.1164
113.7006	78.5802
115.2920	75.1788
112.4277	79.3765
112.9562	67.4900
116.0738	64.6219
113.0755	64.4550
115.0082	68.0381
111.0176	69.3848
116.6607	65.6245
114.3757	61.6287
118.7603	64.3485
115.1237	68.8581
111.6608	75.9324
109.9077	69.8284
107.3224	66.0523
102.9677	66.3361
104.7042	61.3303
101.6413	68.5109
102.8909	68.3518
101.7037	66.0483
102.3025	65.6362
102.7912	61.1386
102.3262	65.9168
102.5570	68.7727
100.2540	61.4304
101.7593	62.9813
101.4582	66.8879
102.1243	68.2998
101.5879	65.7563
102.7037	62.4473
104.0492	63.7195
103.5470	67.3982
105.6077	68.1863
105.2891	57.8227
106.1944	63.7118
105.4254	62.1737
105.6730	71.3706
108.8476	67.2749
106.4908	64.2398
103.7761	67.5054
102.6455	68.9752
105.1191	70.5778
103.3177	66.7161
104.6049	62.9194
100.7100	63.4815
103.2306	66.0604
101.2069	62.8296
99.7293	65.4095
103.5742	58.0242
103.5649	60.7142
103.6387	65.1370
102.5688	58.5347
102.5095	58.9443
105.3063	57.8980
104.0884	54.7906
109.0781	50.4879
105.9729	52.4057
103.6713	55.2298
106.2661	58.8450
105.4684	63.1500
104.3584	61.3594
102.0259	57.9851
103.6551	63.2350
101.4865	60.6297
101.1219	62.4323
100.2819	65.3786
97.7592	64.1785
99.5633	64.0715
104.5064	67.3825
102.3013	66.5776
100.6504	70.4537
101.4445	71.0152
102.8972	65.7931
102.3969	68.0553
100.5560	63.8031
102.4682	66.8501
104.0655	62.2012
103.7708	73.2642
107.2786	72.9497
105.3389	63.6350
105.5725	62.5937
104.4657	62.1843
99.1875	62.0692
99.7303	59.2104
99.3770	59.4201
98.5224	56.7544
100.1080	56.8887
99.5987	63.2090
97.7152	62.6397
98.8937	59.9043
99.2040	58.4058
101.8673	61.9248
99.6462	59.9730
100.3469	60.5013
97.4996	58.2748
101.2887	62.8837
100.9645	60.4657
100.3111	59.5844
102.4370	57.2954
99.9080	58.2287
98.3618	59.6753
99.6456	58.2281
99.4672	60.9299
99.4514	58.6276
97.8688	61.5353
99.1307	62.9124
99.9188	56.2697
101.1854	59.4565
98.2065	60.9403
98.1236	61.0861
99.7897	59.5071
102.7643	63.9808
102.6673	69.5365
100.0793	63.3352
100.0590	63.4473
98.3898	57.0658
98.1098	56.7645
100.9400	59.0114
101.1742	58.4021
101.1522	63.1654
98.5230	58.3980
100.0264	54.3871
99.5345	56.8624
102.3530	53.0120
101.2842	56.9174
101.8458	58.5998
98.0289	57.0126
102.6225	64.6345
99.7473	62.7029
98.5911	66.6062
99.8296	58.7749
98.1490	59.7165
98.7395	62.2217
98.5942	61.3721
102.4280	61.5274
99.1800	60.3690
99.2706	61.0229
99.1007	63.5407
98.3326	63.3337
99.7048	61.6554
99.0997	55.6255
98.2685	65.5767
98.2588	62.3685
96.9819	64.4131
97.1772	64.4204
97.8814	63.5622
98.5731	64.0934
97.1767	61.3954
99.2153	60.6397
102.8436	68.2936
101.3298	64.1823
101.8860	65.0375
103.4937	65.0606
108.3751	69.9279
106.8512	66.5433
107.5505	70.0953
109.3692	63.1631
111.8253	73.9739
110.9574	67.8564
111.7328	70.3218
111.5216	64.3642
115.1167	69.0965
112.9376	78.5146
111.0000	72.0436
112.4791	72.5284
110.1169	75.6969
113.7381	75.9892
114.6075	75.7703
106.7888	79.2748
109.7829	79.1180
115.0564	72.8232
113.9161	72.6409
117.2147	67.3887
116.4983	73.0165
116.4568	74.3405
114.1650	75.7152
113.5760	74.5418
113.5772	76.1094
111.7621	78.4003
110.8035	74.5942
117.3345	86.8461
118.8930	79.3314
113.3377	72.6669
114.5135	78.5023
111.1704	73.8964
110.4479	71.1421
110.7678	74.3175
112.5304	68.2556
111.6992	69.0334
108.7305	68.8322
109.1618	70.5746
111.4427	69.6206
108.2312	67.1424
112.7927	75.5990
111.4004	76.9708
116.7913	77.4401
115.2847	71.7684
113.0489	72.7550
106.8122	74.1875
108.1856	74.4827
111.1614	73.4250
108.3740	65.5900
107.4970	66.9818
104.8508	67.1188
107.8272	66.0297
107.4761	65.7025
109.0938	63.6677
110.5961	68.2674
112.2666	65.4955
111.8183	73.1750
108.0728	66.7353
112.0689	72.3693
117.6075	77.1351
118.1135	75.9781
117.5158	78.2085
118.6692	68.1273
118.2598	67.6338
117.5205	66.3417
115.5358	73.4888
116.1474	67.5677
118.3547	80.8036
115.6287	85.0381
116.4098	80.5819
116.6127	76.6313
116.5747	79.7210
115.1043	83.8804
115.9300	73.3733
117.6224	72.9078
116.2044	65.9032
117.0592	67.0290
116.8876	62.1803
116.9496	65.7396
117.6484	65.8719
117.0616	67.4179
115.8866	69.1072
115.4309	65.0571
115.4974	58.8727
116.0294	50.9299
115.2792	53.5428
116.7986	61.8553
121.5078	55.3832
118.8043	58.8376
120.4093	65.4791
118.0837	57.5531
116.7712	52.8146
116.2558	53.9072
121.2471	44.4709
120.2507	55.6995
121.7215	57.8244
118.6166	60.7429
120.1662	55.3402
122.4397	46.4754
120.9684	61.0982
115.3995	65.9405
114.9775	69.1373
117.0124	67.9759
117.7782	74.8962
117.3557	72.8649
115.7287	69.3353
115.1008	69.2100
115.3722	78.5712
115.4590	77.1782
115.3856	70.1721
114.2191	77.0576
110.4611	74.9419
113.5080	79.7843
110.9550	83.0414
112.6836	78.3156
111.5899	83.1461
112.3772	79.9379
115.2907	80.6608
112.1499	79.5039
110.6029	79.7702
110.1453	75.3132
111.2106	75.5214
114.3085	78.6407
115.1571	79.2441
109.8828	77.1517
113.2131	72.4049
111.3452	65.4773
111.8732	63.3789
113.6122	54.4549
115.7226	58.5360
113.5811	56.7621
110.8210	48.5004
107.0237	58.4115
108.7473	60.2745
108.3672	59.5090
106.7922	65.5113
108.3059	63.3247
110.3141	64.4121
107.3347	62.9257
110.7980	61.9612
112.3942	64.7540
112.9452	73.3061
109.8616	69.7980
109.0126	72.2995
106.5794	70.2290
107.5595	74.9192
105.9678	77.2014
107.6109	72.9934
109.4736	77.1314
109.1768	72.5519
109.3052	70.5415
106.4544	85.1292
107.7535	74.5165
105.3159	72.1621
106.2186	71.4657
101.7154	70.5301
108.6761	71.8495
104.2617	71.7409
105.7751	64.9437
107.5314	72.1195
106.8459	71.5071
104.7763	73.2976
106.3247	69.2326
103.6392	67.1536
104.3992	68.2684
102.7278	66.3897
103.0762	71.6948
105.0412	69.6741
106.4271	72.7191
105.8711	70.3107
105.7129	72.1728
107.5093	66.2721
109.8234	61.6700
106.8603	63.2891
109.6602	68.0839
106.5384	64.2089
104.2774	69.3859
106.2884	64.6564
107.9300	62.1830
106.9425	68.8268
109.1544	64.7334
109.4731	66.1474
110.6391	64.8775
107.7104	72.1606
108.5051	64.0287
105.4828	66.7127
106.3146	64.5945
106.4033	68.4608
103.9220	74.8951
106.0104	72.2239
105.4787	69.5688
105.4483	67.1233
106.1519	64.2047
106.8144	66.8607
106.6105	65.2963
108.8532	64.8517
103.1829	68.0525
103.0654	68.4420
106.6496	71.2130
111.3608	66.1202
107.7067	67.5803
107.3482	63.7282
106.2343	67.9977
103.8035	64.9135
108.4908	69.1275
102.7260	67.8591
104.8501	71.4548
109.1956	62.5693
107.1435	63.6921
109.0901	66.3165
107.6137	66.7879
105.8834	64.1989
108.1549	64.1542
111.3266	69.6074
114.2736	67.4445
109.8228	62.4072
107.1725	64.8640
107.4436	60.1567
106.7864	58.1282
108.0881	63.8333
107.8315	64.0513
108.5435	65.3128
111.1516	63.8713
111.2228	62.7935
108.3265	65.4929
108.5468	63.9728
109.6368	63.1365
108.6558	71.0238
107.8681	66.9141
107.4486	63.9263
104.5438	58.8884
108.7768	64.4245
108.2404	68.8232
109.5958	63.5301
109.9586	64.7769
113.5441	68.0369
108.5066	61.8871
106.4937	65.0516
111.0508	66.8991
111.8638	62.8523
109.0618	69.7141
110.2083	68.3133
110.8190	67.2571
106.4632	65.6476
108.8427	71.1574
108.1952	80.2436
106.5917	76.6502
106.4321	75.8310
109.0527	75.0956
109.3847	74.7237
107.6114	74.9505
111.5405	75.7452
108.0228	75.9741
107.6661	70.2776
108.1636	74.3615
107.1981	76.1115
110.6479	73.0822
111.9468	69.7303
115.1587	64.6260
115.9954	64.5519
115.7638	64.8100
118.1892	71.6034
114.9052	70.6723
110.7714	68.9443
116.9862	71.6419
118.0825	70.9792
113.5593	76.3671
117.5546	74.9832
117.6332	73.0254
116.3510	67.6946
110.8355	63.4951
114.7735	68.4700
115.6740	77.2453
116.0112	71.3246
112.2503	75.2678
112.0327	73.7085
112.6330	70.9091
112.3694	63.9983
112.1608	63.3018
112.4066	65.7543
111.5775	68.4951
109.8640	71.8063
111.2611	65.7108
111.5658	65.2891
108.4209	62.2216
106.8986	60.4196
108.7363	61.2878
109.3365	58.3893
108.2578	58.6751
107.6619	60.2170
107.1083	60.4284
104.0765	50.5207
106.2477	55.4881
108.7308	49.6712
107.9817	58.1808
107.0492	57.1014
108.7978	72.6224
111.2899	71.5630
111.6089	60.0634
107.2154	66.9037
108.3260	68.2460
108.4078	71.9419
109.7591	73.2251
110.8839	73.0312
110.3209	71.0803
110.6373	70.6118
112.5694	68.1388
111.4264	81.0505
114.0490	73.3753
116.2039	78.0991
115.6525	80.3817
108.8616	80.4836
109.0722	72.5601
106.9911	74.0443
106.4503	77.4185
105.1948	79.9286
105.8103	78.4216
106.6164	80.1130
106.0807	76.5269
104.8235	75.3143
109.6780	79.3255
105.1296	80.6749
106.3967	76.2073
105.5849	79.7140
106.7947	82.5699
110.6347	90.5533
108.2275	85.0031
110.1658	81.8054
109.1034	81.2208
106.0600	82.7221
108.6248	91.0599
109.8308	83.5442
108.5514	79.0120
108.5132	82.4262
106.1988	73.4397
108.1134	76.0252
104.6755	69.3728
105.6444	70.2749
106.6249	71.6076
103.4027	80.4979
103.1952	73.7122
107.2732	78.8009
108.5711	75.7515
108.9486	77.3958
107.9164	71.5405
105.7903	70.1884
104.5573	71.4362
106.2268	67.7385
106.3149	62.3581
108.8398	71.9426
105.2688	71.7108
110.6213	73.0189
108.1847	74.5789
105.6959	63.8103
104.5668	71.1847
108.3535	73.6344
106.8134	72.7399
108.3771	71.3259
107.2869	72.1972
105.2706	69.2746
104.0473	72.9011
104.4861	70.8959
105.1529	66.9822
104.6771	68.4097
108.4618	71.9909
106.9637	72.3090
103.5850	72.3798
105.9000	74.2532
109.5374	67.9125
106.5677	70.8299
109.4952	69.3512
106.7602	74.5709
106.3789	74.4541
108.5455	65.2101
108.4676	67.0495
107.4690	71.0307
107.9089	71.1500
108.6128	69.2766
109.2185	76.2736
111.3064	79.6483
111.6280	85.5226
109.8661	72.6077
109.8346	73.4842
107.2156	70.8323
106.4940	66.8639
105.9403	71.3037
103.1086	70.6618
105.3090	67.6868
102.1970	65.7035
105.7929	70.1297
102.9237	69.2834
103.4816	66.2278
103.6702	65.5123
103.8577	68.5239
105.6527	60.8047
104.8002	64.0107
104.8356	66.3616
101.6124	66.4688
104.4190	68.0054
103.5034	68.8640
106.3912	66.2009
103.5423	65.0060
101.4138	59.6657
104.7146	54.6161
98.3740	57.5275
100.5650	65.6924
102.1874	66.9274
101.5354	64.7362
102.0649	62.3264
105.7927	59.1189
104.9921	63.8546
103.1062	64.4243
107.9579	65.1805
109.2843	69.4839
108.6964	64.4428
106.8904	64.3457
105.6289	64.8477
105.5894	73.5926
100.7134	70.5981
107.1066	70.6931
109.4242	71.5391
111.3007	68.7578
108.4438	64.0722
108.7478	67.0373
104.6239	73.9458
104.9135	70.0616
102.1751	63.6389
102.8546	62.5826
102.9943	69.3977
100.0362	63.0477
102.7387	64.5045
102.9973	68.5012
101.4398	60.0762
100.1724	59.4343
104.6953	60.2283
104.7386	63.1666
102.2549	58.7936
101.4617	63.0969
104.7208	58.7162
105.2229	61.7474
103.1978	60.6711
103.9922	60.5797
104.2601	57.2568
106.7607	65.9278
105.3648	67.0365
102.7022	61.8115
100.9613	57.6117
105.2018	59.0726
103.2971	60.7774
103.4688	60.8886
106.7607	61.2811
106.7490	62.3858
105.5082	61.9737
109.1568	60.2676
108.6494	63.7150
108.1742	65.4298
107.0941	62.0254
101.3118	63.3591
107.0215	70.8891
103.2924	62.0875
108.1538	57.9654
105.4736	60.0960
104.9191	61.9849
101.5814	60.6934
98.6987	59.9157
106.0276	56.8816
104.3290	58.5107
104.5852	55.6623
105.4603	59.6911
108.4911	64.2967
109.2828	69.5386
107.4306	66.7951
107.3655	73.6752
105.5444	64.0068
106.2754	70.3947
106.4542	73.8636
109.2671	71.7190
104.3138	69.5248
108.3584	73.2371
110.0625	68.7322
108.5671	71.3354
108.6980	70.0415
105.8490	67.7363
110.2602	61.4036
109.1565	63.2335
109.5001	64.3208
110.2840	59.5181
106.8258	61.7317
105.6775	64.1608
106.0595	70.4505
108.9947	68.0948
106.6285	65.7583
110.9215	68.8504
110.4600	73.6383
109.6538	68.2514
108.0602	63.9361
106.8738	77.5267
107.6390	68.2279
107.4350	66.9674
106.3535	65.4561
105.3190	63.9446
106.3892	59.0214
101.2879	56.4595
100.0454	56.2198
104.2550	52.0871
105.5620	50.0899
103.4647	57.5063
103.5796	56.7646
101.5043	61.9739
102.8805	57.6496
102.1217	59.1452
105.7789	58.9563
103.9401	59.8534
103.3113	59.7224
102.2121	58.9187
99.5785	49.1326
101.1524	54.3791
102.5032	55.5662
103.3919	57.2927
100.8098	57.8316
105.4556	67.1857
106.1572	59.9846
106.9934	63.9193
106.9967	64.4384
106.9733	66.9644
106.9191	64.9886
105.7760	61.3277
101.1527	65.1758
103.0205	62.8457
103.0215	62.8005
101.0274	54.3230
104.9812	59.5526
100.3133	60.0222
100.9551	57.3304
100.9145	55.2587
104.8022	61.2065
99.8381	60.7639
102.3727	66.4270
100.6030	63.5837
100.1302	59.8533
100.6746	54.8432
100.3643	56.2180
99.3398	54.9885
98.3950	57.0254
96.5149	57.1918
102.8279	51.3626
98.3325	58.8517
97.9730	51.6773
96.7055	51.0496
96.7602	56.3318
95.7591	56.5237
97.0586	55.0351
97.2361	56.8304
98.5551	55.2877
98.1330	57.4095
95.0258	56.4518
95.1530	57.4029
97.6414	55.6186
96.7534	56.6104
102.5739	64.3732
105.6617	62.9787
106.7017	57.9532
105.9430	56.5571
107.8477	56.0934
107.6689	45.3108
108.0750	54.8096
106.5588	53.5484
107.3679	58.0794
106.0911	61.4941
105.6738	59.6054
105.3898	59.6660
105.5324	59.2956
104.9036	55.1398
106.4626	55.1087
104.4411	53.9470
104.4768	60.4080
102.0471	57.2705
102.3537	49.5781
103.9060	51.6122
105.5083	49.9886
106.5148	52.1055
106.1364	53.9211
105.2034	54.8883
106.4268	51.2905
106.8885	46.6124
106.4236	49.3118
106.1405	51.7900
107.0032	53.8068
105.4093	47.1753
105.2181	51.6174
108.6518	53.2022
106.0362	46.7762
105.7341	48.9385
106.1640	48.1545
105.9853	50.7820
104.4718	51.0780
108.2516	48.6192
106.6698	50.9901
107.3366	54.7235
109.6132	45.5916
107.4684	42.9005
105.7739	41.3442
109.3893	44.9057
105.3718	39.7943
106.5759	43.9613
106.3072	51.1048
110.8211	51.7888
107.6201	48.0563
107.5414	49.5830
108.4896	43.1444
107.2930	44.8708
107.6522	53.2897
107.6690	53.9668
105.8847	45.8100
105.7997	55.7614
105.9305	57.5573
108.9669	58.2128
107.3048	50.9230
107.6814	55.3575
104.4553	59.1229
110.0652	61.0182
113.9025	64.2788
112.2251	62.2633
113.3021	62.5627
115.1935	63.6730
110.7786	55.9966
112.5234	56.3917
114.8162	55.9813
113.8613	56.6564
111.0794	60.0189
111.3896	61.1548
113.1417	60.3449
117.7400	70.5524
112.6114	78.1692
112.5873	75.9244
114.4824	79.7142
111.4911	79.8503
110.0801	70.9868
111.1524	75.8559
111.5134	70.0496
113.0819	75.7386
113.1211	69.8761
112.5283	61.2504
109.9208	63.3837
107.2684	65.0419
110.2438	67.7956
109.3156	69.4223
111.2099	65.7186
113.6781	65.0510
114.2613	73.4938
117.6560	72.4907
114.6947	64.7361
112.8749	61.8594
114.2931	68.8870
110.7241	72.9473
110.8101	66.4293
114.4977	68.6553
115.7272	67.4791
118.3344	72.2403
114.8699	71.6967
113.7090	86.3141
114.9460	81.1572
106.2460	71.4632
109.9410	67.2820
109.2283	64.5594
105.2715	62.5631
108.5157	58.0031
105.8893	63.8152
103.9652	56.4691
101.8337	53.5328
103.9510	61.0287
101.9620	57.3019
102.3528	54.5506
104.4450	58.1124
101.1367	58.7307
104.3765	62.9181
104.7543	60.4148
110.3816	64.9554
110.2944	64.6349
112.1051	63.0106
107.9147	62.3158
111.1987	65.6164
108.2281	66.3029
109.2730	67.7626
109.7195	65.6182
108.0107	67.8299
107.7695	55.4039
109.3393	64.0598
109.5475	64.4356
113.3192	71.9491
111.3578	82.3780
114.4178	76.5123
113.2090	78.2701
112.0026	76.9027
112.7871	81.8560
110.1560	82.7634
111.0324	75.8648
107.3199	73.9760
110.3728	79.5635
113.5833	75.0302
116.7084	79.5186
115.0370	77.2900
116.8731	81.0062
119.8208	75.8764
118.4927	69.7267
114.0735	71.6416
114.7016	65.7925
113.4855	63.8780
112.6689	74.7815
110.4250	70.2009
112.5923	68.9274
112.2639	68.9968
109.1139	72.0254
107.8742	67.2476
107.1655	59.5131
107.1218	63.0110
106.2308	73.2319
108.0831	65.5148
107.2604	62.0010
107.8669	69.5505
106.1216	67.8533
107.5573	71.5889
106.6506	64.7205
106.1556	62.9970
106.6041	57.8831
108.6327	67.0965
111.6109	65.0733
107.0401	67.8375
107.2027	65.5598
109.3271	68.4101
109.5399	69.5211
108.6152	67.6946
106.0077	75.0698
107.7713	73.4095
109.0066	72.5462
107.5804	71.4646
105.6171	64.5861
107.7864	61.8789
109.2550	72.8413
109.2783	74.6023
108.4280	64.8906
107.6573	64.8434
108.1862	66.8742
105.8805	67.7094
107.7150	72.8163
106.5631	70.4000
105.5519	70.5843
103.6187	69.7704
105.2235	70.0557
105.3728	68.8584
106.2406	73.2856
107.9138	70.9444
108.0862	70.6847
107.7657	68.0629
107.4673	67.1309
109.7333	71.8758
105.8941	77.0463
106.0492	67.1930
111.9969	70.3588
107.3397	69.4718
110.4101	68.0589
106.7858	69.6533
107.6436	75.4474
107.7293	71.9313
107.6948	72.2064
106.8356	72.5141
105.8836	71.2919
108.5671	72.0998
104.0594	77.2784
107.9879	77.2016
105.7391	72.3885
106.2366	71.2978
107.9204	66.3990
106.9168	67.3062
106.5669	67.1381
108.5194	69.6708
108.9129	76.0539
107.2181	69.6834
107.5863	70.1286
110.3854	69.9861
106.3486	75.0066
107.2152	72.7367
111.8148	73.9516
108.4961	73.5029
107.8578	69.2452
107.4704	67.7190
107.9352	69.7005
110.1883	70.2466
107.1629	80.0377
108.4502	69.4951
108.8341	69.1900
106.3147	71.9888
107.4932	68.2065
104.4859	68.7365
104.5198	69.9606
107.3484	74.4209
108.9055	64.3839
109.8581	67.5563
111.3566	68.5276
106.9718	70.2404
107.1180	62.2478
106.9361	67.7144
104.6668	66.3066
109.9507	61.6154
105.9141	58.0091
108.6296	55.8605
110.1598	55.2216
110.5926	60.1667
111.0177	63.6393
105.7530	51.8038
108.9704	53.4795
109.6254	56.7631
113.6939	61.5847
112.8283	52.2253
112.3638	50.6106
112.5875	53.2932
116.1104	53.5643
114.6252	57.7666
117.8230	58.3407
118.0897	63.1865
118.2985	69.8292
119.3400	71.0418
121.9205	69.9936
117.4840	75.5582
121.8529	70.1904
119.5226	55.7638
120.4396	66.1920
121.8104	66.9922
115.9821	66.7224
116.7126	64.6138
115.5915	66.1947
118.9663	58.1364
114.9424	55.2705
117.7635	58.5556
116.8597	59.7615
115.1402	55.1993
115.0843	56.7948
120.3724	57.4750
116.4342	65.1743
114.3317	58.7032
117.6861	66.9814
116.0492	61.2964
114.5245	64.6790
116.6834	52.6694
112.7252	58.7965
111.7163	61.3366
112.4146	69.6120
112.4746	70.3487
113.2232	63.2833
114.4649	65.8172
112.4251	62.4169
111.0321	61.3094
111.6685	63.7454
114.3887	62.8871
115.4915	65.2746
111.9897	60.2687
110.6633	63.9298
111.8764	67.0019
114.0804	63.8092
111.9361	69.9128
108.4477	59.4100
107.6006	62.7281
106.5337	57.1745
108.2053	57.6139
113.6742	57.6093
112.5064	61.0139
115.5556	63.5342
110.2303	62.3342
111.5861	70.2237
112.7553	68.1574
113.4493	65.3782
112.8138	73.0033
114.9368	76.9562
115.7778	78.5044
111.2647	75.5955
115.0010	75.9513
113.7767	75.6668
117.2183	83.2400
116.9304	82.0424
121.1498	83.4568
115.9356	78.6782
115.8276	77.9827
119.4033	69.4930
115.9525	70.2474
115.4589	71.7233
115.2411	70.8238
117.0394	77.3984
114.0289	69.2021
111.2600	62.8597
108.7401	61.7183
108.1368	66.0624
109.8800	66.4190
107.1007	61.4258
106.1055	62.4084
107.2678	60.4952
107.2015	58.5585
103.6046	68.9272
103.0946	63.1482
109.1115	65.7473
109.4505	66.0040
107.5654	63.7792
110.5609	64.9951
109.0980	62.2810
108.3874	59.1862
108.3061	60.2384
107.6003	61.5764
110.1229	63.7962
112.5279	59.9888
111.2178	62.5607
113.4332	59.8857
114.5575	66.2905
111.9869	68.7313
117.5846	70.6207
116.6998	74.1681
113.5681	78.0431
113.7252	70.2975
111.8377	63.8402
110.5382	65.6667
114.1359	62.3785
115.3394	69.2913
114.8410	59.7889
112.8456	61.5949
111.8209	63.8770
109.6889	59.7898
110.1214	61.1309
107.5359	62.1090
111.1525	59.6832
111.5020	63.3594
111.9507	59.6385
114.5106	66.5263
115.0399	60.5995
115.7729	62.8082
115.0932	63.1900
112.9327	67.4394
111.7426	67.1383
113.5860	58.2474
111.5984	62.7265
113.5127	67.2952
111.1227	62.1557
112.4456	64.5731
111.0612	65.8876
114.4173	66.1360
113.1076	72.6830
110.4876	55.5745
111.5454	62.8619
111.5278	57.7477
113.2968	57.7910
108.6395	54.6205
108.1764	58.3363
111.3826	56.6688
114.4219	65.9680
110.9036	57.0832
110.5971	58.0781
112.5024	54.8157
112.6510	57.0327
109.7547	59.5457
108.7988	52.9679
111.5298	57.0451
109.5548	56.3806
109.0430	57.8823
109.7479	53.6079
110.7251	55.7027
111.5657	54.4793
107.0560	62.6708
107.3186	57.4856
110.8024	59.9983
110.8861	63.4095
110.2230	68.3935
109.2821	63.3559
111.0235	59.4490
111.4501	59.4976
110.0448	63.0856
109.7844	65.8294
111.8366	63.5081
112.0483	60.7001
110.0479	58.5185
107.8399	58.6380
109.7096	56.7757
112.5562	62.2668
109.9104	64.8435
109.8273	69.5221
110.9829	70.4405
112.8262	65.0363
111.3968	65.7202
113.5523	69.0746
110.7922	64.3483
110.2177	62.1172
109.2260	67.5340
111.2622	60.1356
111.5241	57.0624
108.6526	60.1613
113.9161	62.5328
108.8830	58.5381
109.0649	63.9528
113.6595	64.0048
111.6227	61.4258
107.8594	63.3494
113.6928	58.4472
110.4284	57.7961
108.8993	59.7018
109.0949	63.4028
109.1164	62.2825
110.4632	66.0660
110.1736	70.3612
107.2159	66.1766
111.7346	67.1281
111.2503	65.7334
112.7769	63.5005
111.8024	66.6616
109.4066	61.4064
110.1274	68.3494
108.7676	63.1848
113.3891	65.0910
109.4322	68.5662
110.6606	57.8125
111.2325	64.9882
108.7609	56.3346
110.1644	53.1781
112.1333	51.2957
111.9572	54.3166
113.9592	56.3909
109.1283	60.1041
108.4731	63.2644
105.4870	61.4109
108.8833	62.7619
109.4936	61.4409
107.9172	64.5608
108.5346	67.8422
110.4592	66.3477
109.4021	60.5740
111.0417	63.6056
111.1160	61.6384
114.4868	65.3032
115.8588	66.7000
116.0008	68.9988
115.5778	69.4305
112.3053	67.9557
119.0195	70.6793
118.6288	69.9544
122.0517	72.6448
117.4313	68.0123
115.0916	65.9293
114.3456	76.5049
115.7458	73.5616
113.6713	66.8320
112.6224	66.0738
115.2032	61.7305
114.5379	66.2113
112.6333	65.1625
113.0406	57.9167
112.8722	60.7497
113.4558	66.4550
110.9298	61.7682
112.3439	66.7462
111.2489	64.6890
113.1306	70.1429
113.1433	69.5199
113.6557	62.2178
116.2974	61.8391
110.1311	63.0858
110.5184	59.9214
109.2523	66.2923
105.9433	68.4236
108.8822	65.6222
109.9621	66.7081
112.4326	63.8611
111.9662	70.0911
114.1900	64.7604
112.2959	62.5567
110.9835	63.9469
108.1361	64.8786
115.5489	68.7070
115.5475	70.5425
115.6784	65.7439
114.2487	63.5265
110.2819	61.6007
110.1053	60.2952
109.5517	59.8170
109.3852	55.1463
109.9608	57.4437
107.5863	48.5013
108.8405	54.9077
113.5531	52.0118
111.2541	54.9267
110.6573	56.2967
111.7602	55.6479
111.0658	53.5205
115.3445	59.0124
115.5824	55.2620
116.9596	56.0552
114.7225	59.6639
113.7489	53.1654
117.1295	53.0844
112.4342	53.8351
114.3384	60.6316
112.4577	53.8428
115.8471	61.5217
112.5448	48.7218
113.3294	53.6037
108.4343	50.1162
107.8033	50.2997
107.7548	48.4086
109.6839	56.8769
112.6338	54.8338
115.5699	55.8795
114.2124	59.7195
116.3938	56.6805
115.3016	57.6494
113.6114	64.4219
118.4642	62.7679
117.0505	52.1131
115.5856	57.5891
115.6754	66.9269
114.6114	58.5640
112.5071	46.7633
108.6494	50.3406
110.8631	48.6581
115.5397	50.8639
112.9475	58.8399
119.1520	63.8000
122.1860	53.1989
116.7856	54.6920
112.6345	51.0881
112.6439	48.1839
111.3953	50.6189
109.5186	49.9438
108.9430	53.5173
109.9857	58.9670
113.9787	62.9273
112.7574	64.8376
110.2922	70.5804
107.9978	59.5026
108.8236	54.4005
109.1940	61.5494
105.4727	59.6721
110.0465	57.6829
109.6051	58.3630
109.8717	57.4145
111.1332	59.8304
110.4383	53.8947
111.7598	53.6258
110.3654	44.0395
112.9199	59.6086
115.2032	45.8736
112.6328	46.9216
112.1915	44.6983
115.1905	47.0620
113.9297	45.7139
112.7334	43.8295
114.4155	48.1161
113.3845	52.9343
116.8053	64.7110
113.2268	64.5924
114.1629	62.5214
114.3511	59.2312
112.9941	50.2722
111.5259	55.9598
113.6782	44.2062
108.1669	54.2534
113.4905	58.1938
108.5328	53.4214
111.3107	57.7506
111.8336	56.0162
110.0798	50.9358
105.2840	52.9833
103.1422	45.5746
99.5262	44.9211
99.7588	40.0292
100.5700	46.6879
100.6996	54.2364
101.3491	53.6933
100.8299	52.0952
107.5063	59.2656
105.2365	66.8108
105.1975	63.9533
105.1598	70.1207
110.9645	60.2951
110.4682	58.5929
109.4475	58.1315
110.2267	66.0698
112.1410	67.6533
112.2684	73.3985
109.2488	63.7548
115.6852	68.0984
109.7656	64.6807
111.6570	68.4271
110.7153	61.6703
113.0302	65.9082
114.3490	66.7401
122.7939	68.5163
116.1862	54.3738
116.4758	73.0449
111.6390	70.4340
114.9229	54.4083
114.5010	57.1120
114.1563	57.7948
111.5998	53.5509
107.5586	50.4643
108.0531	46.9492
110.3285	51.3661
109.5288	50.2111
108.6375	48.2784
110.3384	51.2562
108.9507	48.5120
105.0242	54.2625
112.7787	62.8333
112.5973	65.2732
110.8631	71.5411
111.6443	66.3947
104.9413	58.8654
106.6669	59.1368
111.2027	58.1857
106.7943	54.1814
104.1561	50.8201
105.4840	60.1921
105.0705	61.9622
109.4028	63.4497
110.3685	62.4961
109.2898	57.1829
104.4079	55.8329
103.8792	53.8335
105.7865	48.5969
103.9335	43.1985
106.9057	46.2921
106.3480	35.2003
104.3620	41.0120
106.1127	33.6526
101.1927	33.5038
97.4291	27.8214
95.6117	26.9072
95.7485	30.3629
94.9573	29.0986
93.0790	29.2772
97.7844	28.1656
95.1792	37.2799
95.4537	35.7507
96.0960	37.7013
95.7043	34.1774
95.1891	43.4009
97.8344	49.2694
96.1092	49.8527
99.7616	41.2111
94.9208	43.2807
97.9481	45.2030
99.4086	37.5874
96.0109	45.3614
96.3207	39.6962
99.0632	40.4313
97.7345	42.2983
95.9234	40.6619
98.6758	41.7865
98.6975	44.4763
95.2992	47.8325
97.8539	43.0486
95.1316	43.1682
99.4835	44.4151
95.3208	42.5004
98.3113	41.8699
97.0571	41.9327
97.4246	34.7316
96.4403	35.1986
96.2815	37.4636
96.3954	34.7348
95.3941	31.3044
96.9592	31.8100
95.9618	31.6414
95.6877	30.4174
95.9314	38.8244
96.6524	32.1348
96.6242	33.0240
96.7955	40.3422
93.2332	37.9827
96.5944	37.8642
96.6964	38.1037
97.5449	36.0607
96.2789	33.0583
95.0720	29.9320
96.0747	38.3954
94.2316	36.0655
96.9435	35.8383
95.6351	36.1952
95.5923	42.6312
96.1105	36.9038
97.9521	39.5930
99.0321	37.8341
101.8342	46.9120
100.8553	36.4516
104.9346	47.5741
102.0356	40.6724
98.5212	34.9581
96.8366	39.9656
101.6154	35.3919
98.6118	34.7587
96.9289	43.1014
94.2643	39.9069
93.2905	34.6744
96.5815	30.7793
93.6818	35.1582
95.7694	41.4093
95.7051	30.6176
96.3143	26.7803
94.0215	33.5355
92.9619	34.0580
95.5688	31.4605
97.4046	33.5375
99.7459	27.1979
94.2192	31.3277
95.4860	33.4418
95.3845	30.3440
94.4995	31.1029
96.0129	23.5690
95.9998	34.0835
99.6425	42.5076
100.8462	37.7142
97.7006	34.6118
102.5645	46.5576
104.4858	38.5509
102.5943	39.4782
98.8938	42.7947
102.3826	39.2011
98.9948	32.4571
98.3429	28.8830
99.0766	36.1559
99.1461	30.3009
100.8025	36.2715
97.8692	37.1304
98.3939	36.4966
96.6799	31.7365
100.0926	33.2537
96.3892	37.9586
96.7626	31.8180
96.9416	35.8432
102.6906	47.4471
100.1573	33.9502
100.3699	33.8899
100.3049	34.1734
98.0461	39.0555
100.5025	47.4759
102.5832	40.5814
104.6584	39.2742
104.9122	38.8029
103.5573	42.2284
103.1311	42.2368
100.2022	34.1012
102.5810	44.3412
103.1551	44.2023
103.7984	41.0248
103.5234	49.7860
103.9495	42.4227
102.6879	41.9812
107.2604	40.6818
103.3802	43.1843
103.9694	46.4136
104.0476	51.8158
102.3967	51.1785
100.5990	54.1378
99.4756	57.8318
99.6675	51.1901
99.5939	49.3742
103.4191	46.8046
99.2982	44.0874
103.9593	54.3482
103.4267	50.6451
100.8705	49.3481
102.2233	55.1885
99.1706	55.1017
95.7532	52.9651
99.2664	50.6474
99.7576	47.9801
102.2065	60.0749
101.7385	47.1552
105.4403	48.3054
100.7407	48.3910
98.7495	52.2464
101.7850	49.3846
101.1803	57.9303
102.8857	47.6627
99.8501	43.1119
101.4267	49.0584
99.3490	51.3627
101.9520	48.2925
103.0210	51.9074
100.7537	46.6600
104.7353	47.4105
102.9222	49.0142
102.2572	41.9347
97.4782	50.9583
99.3059	59.6092
100.9041	48.4275
97.1927	44.3733
99.1219	55.0865
101.3971	55.3309
99.3975	55.5951
97.6778	57.8598
96.5697	58.0926
97.9415	61.6337
94.4255	61.2294
99.6931	58.1165
98.8536	61.9630
98.9125	64.3965
97.4630	65.2131
99.1780	66.4306
98.8658	56.1818
102.8387	59.5144
98.4628	58.7356
99.3123	57.1719
102.5772	50.9187
101.6258	48.5817
101.6681	40.3693
102.7596	40.0968
102.7771	44.3687
101.5273	38.6424
102.2367	31.8233
104.2341	31.8475
100.7902	44.7979
106.2601	49.2499
107.1204	47.9998
109.1831	38.1296
106.2440	35.8986
106.8475	37.6120
106.7743	36.6016
107.1305	38.9838
108.0377	41.4054
104.6986	32.3405
105.9674	33.3180
102.9157	35.4692
107.4554	38.5488
107.9608	30.3601
106.1479	34.3929
103.7914	32.2555
104.9837	34.8662
97.0435	38.7140
100.7820	39.8258
100.3960	38.9328
101.6504	36.1347
101.6562	34.5579
99.8315	36.9272
102.0594	38.2007
102.2592	46.8743
101.0780	35.0624
102.6482	35.3503
103.0562	37.9374
106.1621	36.8748
102.7366	36.0860
102.3154	38.9235
97.5799	44.4960
101.5126	43.4472
100.5851	41.8006
104.1007	42.6322
104.6318	52.4582
104.3446	45.7805
109.0478	52.1591
108.8982	48.7115
106.8471	50.9198
109.6113	49.2301
102.8240	51.0674
107.3065	53.2182
104.1931	51.5996
105.1010	51.2270
105.0129	52.0623
103.6267	59.6363
104.8159	52.5202
105.8280	58.4941
102.6380	53.2140
103.4469	51.4082
102.7046	51.6920
105.6978	51.9785
106.4218	47.7045
108.1410	42.8032
110.5783	47.1910
105.5608	46.7241
109.3096	41.9016
110.1623	29.5330
109.0053	38.9852
107.7778	36.7125
109.5212	34.3419
108.3600	35.4987
110.8484	37.0085
108.8579	40.0369
111.2596	36.9831
114.6921	45.5923
108.0175	37.4675
108.9612	40.5654
112.5008	42.9799
110.7080	37.9760
115.7457	43.3394
112.6390	53.0086
116.9021	47.9973
119.4711	43.4027
113.5240	39.2210
115.5743	40.7514
110.2635	36.7738
111.9411	30.3897
109.6605	32.6266
113.7083	39.6694
112.6400	30.1188
114.0867	26.6605
116.0855	29.9225
113.3032	30.2672
116.1519	27.9750
115.3352	33.1462
111.7870	32.8946
108.9488	28.5124
111.5225	33.2922
108.7774	30.0792
110.9682	37.9184
106.2866	40.0933
106.6385	28.9167
104.9703	33.3489
105.8903	34.2928
107.6327	26.2125
105.6882	29.6710
105.2181	29.6343
110.6615	28.5661
109.1491	35.6541
105.6170	31.6474
106.9669	37.2371
108.7560	33.2135
110.7126	35.3791
107.7344	34.6940
107.3709	34.5901
108.5244	31.5926
109.5526	36.2374
110.9922	39.2659
111.8269	36.8777
112.5594	46.5598
115.1301	43.1534
114.5743	37.9566
115.4220	36.1969
113.8491	39.1234
111.0125	34.6050
109.7639	43.2695
107.2220	35.0964
105.8427	29.6762
106.2794	39.7913
105.3977	33.6325
107.2011	40.2422
106.1719	30.8229
103.2318	44.4952
103.0590	34.6862
105.7103	40.1978
102.8818	39.0654
102.6147	30.9183
105.8444	23.3838
105.2203	20.0027
105.6431	28.7944
102.8890	25.4493
103.6554	27.1308
102.7480	30.1548
102.8557	22.0577
104.5012	35.6105
105.9913	36.6611
104.5513	34.1502
106.5073	41.5476
110.1319	43.7426
106.5886	40.3727
108.7036	42.3020
114.4165	37.6353
117.1403	40.6038
112.0473	79.2473
104.7125	69.8629
104.3822	73.2608
105.8110	73.7023
104.1467	70.8068
102.4981	68.2415
102.8714	73.7304
102.5814	62.5451
103.9405	66.6451
105.1844	63.3675
103.4266	59.2867
108.3051	63.7897
103.2409	61.7099
103.7547	60.6277
101.6543	67.2309
105.6819	71.2566
105.0502	64.7521
102.5412	71.3764
103.3048	67.7318
102.4936	67.9686
101.3354	70.4758
102.6733	74.2791
99.5448	76.1430
99.9707	76.5981
100.1520	75.5903
99.9034	63.6006
101.0843	65.2916
100.5696	68.4038
100.2727	70.9122
103.1171	72.7060
104.1526	80.7662
102.6140	71.3011
99.0838	71.2297
99.1554	67.0894
98.6140	72.1350
96.7336	70.2968
98.1972	68.0662
98.0770	64.2076
96.4309	68.4142
95.5272	73.9131
94.8666	69.9332
97.7737	76.6707
95.9177	71.7177
99.9833	75.6138
97.6552	76.3543
91.9690	74.2250
91.1899	72.7655
90.6601	67.0110
91.4251	65.6932
88.9096	63.1988
92.5044	68.1013
93.0388	69.8614
90.7933	72.1634
90.0583	69.4270
89.6715	66.5712
91.9161	70.6469
90.7520	66.7573
95.4573	66.5289
93.6588	75.6628
95.5807	72.7832
94.7161	71.9913
94.3019	75.9883
92.8770	77.8713
97.6830	79.5493
100.6569	79.2991
97.4635	77.0219
97.4455	81.3218
98.2962	87.8389
96.1972	86.6173
96.5793	83.0080
97.7625	70.3386
96.4418	76.7621
95.9630	78.1417
98.6756	79.6453
99.5279	85.1897
99.0398	77.7928
97.4967	77.6900
97.4577	78.8045
99.6561	81.0883
100.0567	83.4434
102.7241	85.0901
101.3323	87.3891
99.1782	75.4754
100.4243	85.2238
98.0198	83.5415
96.0639	87.8170
97.2815	85.2341
97.2563	84.1955
97.0413	84.4492
96.2459	82.0964
97.8056	82.2957
98.7136	74.6885
97.2570	76.6132
96.5741	76.0185
97.1087	72.0684
97.3781	76.8390
99.0018	80.9083
97.7953	80.6909
97.7650	83.3172
97.6683	80.8274
97.1803	80.3086
97.8774	83.0317
96.5701	76.1954
96.5614	75.1824
98.5562	76.5800
96.6767	78.7183
97.3171	77.4588
98.9943	73.0031
97.4819	71.2634
97.5751	79.0940
98.6089	74.3350
96.1715	72.1947
97.6448	75.2098
97.7950	70.0883
97.4873	70.6313
97.5901	80.1545
95.3735	68.2384
95.8327	73.7860
98.8758	79.3970
98.3746	73.4174
97.4595	74.1804
95.6640	73.5719
96.6059	76.3886
93.8965	76.0035
95.3611	73.0322
99.1785	74.4318
99.3285	75.6184
95.4161	80.1310
97.4963	83.2795
98.4123	82.5638
98.3339	84.7205
99.3935	87.8527
99.5078	88.4238
97.5680	91.0951
101.2992	85.3978
100.1940	80.8782
99.7525	74.4368
99.0293	77.1253
100.4306	81.8560
98.9456	83.5144
99.9184	76.5087
100.0151	80.3907
96.5716	83.0216
99.0685	90.8069
99.8164	90.0892
100.3060	89.8320
98.8599	91.3620
96.0407	86.7359
98.2542	83.5883
97.6299	84.2159
96.3180	91.8223
98.4228	90.7015
95.3867	85.1369
98.6782	81.4868
98.9805	77.8018
98.7182	78.6017
99.1852	89.0131
99.9992	84.0106
97.4300	83.1609
98.2194	86.1808
98.6709	83.5431
100.0440	83.5026
100.6399	84.4356
99.1427	82.9509
99.4928	85.4010
101.8122	80.1874
99.1336	77.1330
100.2432	76.6825
97.7557	74.8389
98.7983	78.4745
99.5466	76.3073
99.2328	80.5596
96.1847	79.9049
97.8398	86.2340
98.0023	74.9680
99.6017	79.5359
101.8073	82.5830
99.0680	76.5973
96.3455	78.8402
93.6469	74.7200
94.4464	80.2995
95.1714	80.6952
95.3333	82.6497
94.5957	81.3883
95.5426	85.0778
94.7147	83.2333
93.1350	75.5959
93.2044	75.6837
92.3486	76.1251
94.4770	76.9949
93.0752	77.5463
93.3681	77.1339
93.7679	76.0183
96.1959	81.2490
92.5879	77.3681
95.0144	73.9231
94.8786	73.8395
95.2621	71.8320
92.6284	71.9467
95.4839	73.3603
96.7560	76.0368
96.4702	72.7671
93.8692	75.4780
95.6546	78.0347
96.4873	74.5967
97.3795	65.8245
97.4132	74.2668
95.2941	76.8314
96.1935	72.0947
98.0451	69.0279
98.1006	64.1736
94.7122	69.5008
95.7590	63.6376
100.0062	71.4519
94.2999	69.9531
95.3566	71.7636
93.2823	74.0551
95.2049	70.3541
93.9209	72.0067
94.4163	74.6026
97.0348	75.9460
95.5598	70.4851
96.0041	67.8970
97.3040	70.9054
94.3626	73.9478
96.0579	72.9798
94.6818	72.5977
94.6582	71.5765
94.7186	69.9887
93.5515	75.9649
98.2750	77.3596
96.1620	74.1224
97.0887	76.6285
97.2833	77.4612
97.1477	80.2486
97.8562	74.4522
95.7379	74.5346
95.6929	72.2835
97.3329	77.1920
95.6825	82.8541
92.9202	79.9108
91.8279	81.4024
94.6977	73.5567
95.0165	74.9220
94.5917	76.7379
95.1065	77.4474
93.3413	70.6081
94.8368	71.6247
94.5551	74.8227
93.1354	70.8510
91.4926	65.9290
95.9718	68.3293
95.8694	74.0403
95.0871	73.4817
97.0566	75.0056
94.9532	73.9889
96.2458	70.7461
92.9366	65.8826
95.5192	67.7970
96.3038	62.2103
96.7597	65.3785
96.7115	65.9490
94.0844	62.1287
94.9483	66.8473
96.8337	65.6064
96.6882	67.2164
99.5723	64.9536
97.0610	69.2921
99.2123	73.8475
97.5055	73.9614
98.2448	74.6103
96.2967	75.9856
96.4594	74.1056
98.9411	69.9911
96.3503	76.2071
100.8231	76.9073
101.3210	78.2602
98.6913	79.5397
100.4088	80.7923
98.6781	75.1801
98.0140	78.2244
96.5272	75.3335
97.1963	81.0300
99.0667	78.9134
95.8371	79.8638
98.8248	79.2295
94.6885	74.1561
100.6989	77.7687
98.6657	76.5004
100.2021	77.5940
100.5724	78.9857
100.6372	74.1870
106.4274	75.8755
102.4563	69.4565
104.8313	60.4211
106.3872	73.7686
104.2480	77.9346
104.9503	74.8918
104.8368	70.6965
105.2698	69.2471
105.9278	72.4872
106.1073	70.8406
105.6150	72.4614
104.9840	69.4683
104.5662	70.3907
106.2915	74.5838
107.2245	83.5073
105.6261	81.7100
106.1562	86.0128
102.2337	72.2146
101.8170	75.2548
104.0650	70.9971
102.1113	65.7158
100.5066	67.0255
103.5005	78.1540
105.1805	78.7241
105.9178	75.1937
102.9979	72.5808
104.0095	77.3865
105.7160	82.7243
102.8093	74.1970
98.6185	66.6537
100.8681	73.1476
103.7363	72.9061
103.7219	74.5273
104.1600	78.6963
104.0963	80.6738
105.1715	80.5341
99.2865	75.8568
104.6887	81.2031
103.3756	84.5584
102.7260	81.3825
101.8833	71.6476
103.6084	71.7051
100.6717	71.3625
101.2510	69.7514
101.6670	67.4712
101.7278	77.0274
102.3307	66.7174
100.0274	67.0136
98.2676	69.9107
104.2821	73.6389
102.6997	74.7202
106.0325	74.5724
104.8525	77.6403
105.5737	75.2964
101.9051	71.4580
103.1962	73.7382
101.3624	71.7465
104.5975	76.0980
103.0714	79.1376
103.8734	79.0589
103.2585	81.7426
101.3008	70.4091
104.9344	72.1406
106.0002	71.6156
104.6970	72.0591
103.8302	77.0090
104.3666	75.7031
104.3598	77.4085
100.6033	69.9357
99.7629	69.1046
103.9224	71.0338
103.4830	70.9159
104.9267	75.3696
102.1959	66.5862
104.3447	61.2592
105.1057	61.2901
100.3477	70.4900
106.3603	79.2796
99.5420	72.5391
104.6305	76.3324
106.3787	77.9189
104.7688	68.4611
105.1405	72.4206
101.2939	69.3219
101.4137	63.5558
98.7796	71.2511
103.3624	70.1648
102.9549	71.2666
99.2907	70.8108
98.9682	66.9475
101.0892	65.1400
100.9261	63.9094
100.6006	67.7541
102.6571	62.8290
98.9948	60.8220
98.5435	57.5942
98.0977	65.8963
99.2289	65.0391
99.0204	57.4300
97.9890	57.8508
97.6363	62.6040
99.7284	64.6301
99.6502	70.3590
103.1287	67.9463
109.8327	73.1384
104.7882	69.8389
103.2593	77.8322
98.6559	73.0421
93.6622	64.6678
98.2333	64.1329
98.7251	55.8498
98.1813	58.7798
96.3010	57.8585
97.2483	59.4314
97.3490	59.0973
96.8502	55.3406
99.1757	58.2256
96.8153	60.4073
99.5355	61.3952
97.2587	63.7725
98.8217	65.0742
99.2217	68.7748
98.0693	75.2782
99.5677	72.5231
99.5296	69.6202
98.9328	73.5039
102.0719	76.0352
99.6257	76.2140
100.6236	75.4346
100.8551	75.5894
97.9910	72.8438
102.8830	76.1096
101.3322	75.8244
99.2868	69.6110
101.3782	69.0968
106.1149	81.9401
102.7499	80.7724
105.5933	84.2871
103.6473	77.8767
106.3240	73.3645
106.9433	74.5394
104.4759	70.4114
102.5134	79.6610
102.6559	73.6383
107.1519	82.0869
104.9577	77.4408
102.7236	78.4665
106.0418	74.2053
106.8713	74.1018
105.6505	76.2555
105.0403	70.1847
102.3792	72.1461
99.8506	67.6032
99.5902	68.3225
99.3547	72.9901
100.0378	70.7518
102.3010	74.0311
100.6509	70.2144
101.2459	75.2577
98.5976	72.8432
100.2081	76.9112
102.3411	76.3709
99.3859	73.3792
103.8939	70.2760
103.2098	68.4883
101.0419	74.2097
101.0526	75.2234
102.1502	72.5106
103.1906	74.0784
104.6779	81.2027
103.8220	75.7493
106.3924	78.5189
103.9730	84.8610
108.1783	80.0213
107.4674	76.3194
104.1971	79.3807
103.4166	74.9242
103.2923	75.1327
100.0248	74.6021
101.4512	80.9184
100.2935	77.8950
102.5269	73.6306
104.1753	71.5645
105.8894	76.5339
102.1381	69.2238
104.2593	69.1606
100.0853	66.5043
100.7573	62.8745
100.5261	69.4532
105.8938	74.3465
101.7677	76.4576
102.3357	78.7071
105.5898	77.7188
102.8021	73.1495
101.6540	73.8408
102.4369	69.6724
100.8260	71.6512
101.5121	68.8622
102.5679	69.1498
102.7290	67.5416
102.6977	68.6293
102.0984	73.1508
103.1825	74.7909
97.9161	70.7071
100.4110	77.4941
102.2862	73.1061
101.7886	72.0336
101.1837	72.9212
