116.5162	71.7651
118.5720	63.3689
114.4116	59.4788
116.6224	59.5031
113.9771	62.2121
119.3109	56.0676
117.8628	66.5469
116.2991	64.1916
117.2714	73.4710
116.3829	62.1127
114.8638	65.9973
113.4851	66.9069
113.5060	66.6922
112.5536	61.5092
116.0363	64.6533
115.7519	64.2416
116.4702	65.0963
117.2732	58.4523
117.0603	66.6046
117.7479	65.0150
121.5788	68.3028
117.9356	68.2872
118.3210	68.0125
118.9589	69.0286
118.3739	64.9610
118.5650	69.9000
119.8861	72.4619
119.8658	74.4229
122.5572	74.9511
122.4992	80.0354
122.6151	73.1984
122.3370	65.8084
118.1901	71.0908
116.1361	66.0984
117.1427	63.3097
116.4891	61.7250
117.3795	59.3597
115.6960	58.2077
115.3852	61.5702
115.5245	61.8087
113.7282	61.5825
115.4005	66.4828
117.8620	61.6152
117.2794	61.4709
116.0913	60.6511
111.7122	55.8567
113.5838	50.3251
116.6113	49.5958
112.1937	57.3427
116.3017	59.8778
116.5190	58.8993
115.6007	59.7202
113.6558	61.5585
113.9576	58.8032
115.5000	58.8372
119.5983	68.6866
120.6857	69.3129
117.2352	64.7921
117.1962	63.7909
121.5661	73.4168
117.4062	67.9149
117.0580	62.5736
113.9859	62.4020
113.6306	59.0153
116.1642	62.4279
115.5237	64.2093
112.7827	57.5042
113.1885	59.3011
118.3071	64.7748
118.8280	71.2457
115.2057	62.2380
114.4812	59.6968
114.5782	61.1644
114.7967	67.5359
115.5075	64.6438
115.2971	65.9288
113.4925	62.6278
113.8199	61.5832
114.7623	69.1035
115.6195	67.8372
120.2593	61.8624
113.2848	73.1658
114.9641	66.3728
116.0655	68.0824
117.5417	67.4378
120.8702	68.3683
115.5222	68.4210
116.8313	67.6078
115.1359	63.6029
114.8438	71.3096
114.7858	62.7607
117.3335	69.8060
118.6799	69.9475
118.9950	63.6697
114.5126	65.9028
114.8364	57.4089
114.5083	56.9015
112.9281	62.3360
114.8136	61.3307
112.7040	65.2254
110.6303	59.7150
115.1154	60.7128
116.0050	63.3360
113.9305	66.6146
115.4194	62.7777
116.9994	57.0926
117.9695	67.8993
119.2963	73.4433
118.4287	70.1521
118.4706	71.1201
116.5511	64.4597
112.5680	65.5561
112.6214	63.5538
113.9221	63.5188
111.7361	69.7780
114.6136	65.4853
111.5179	67.0734
112.4972	64.7922
116.1066	64.7132
114.3005	61.4852
112.1919	52.2102
112.4073	65.1131
112.0289	56.6350
113.5541	59.7541
117.9681	54.1807
113.8388	65.6171
112.8556	60.9334
114.1616	58.6144
113.1454	64.9244
113.1933	59.3105
114.3966	63.8073
113.3953	61.4701
115.3398	65.3072
117.1491	67.3524
115.3564	67.8343
115.4008	72.0127
114.1786	61.7972
115.1152	53.8282
112.4194	55.1806
112.4604	59.6536
112.0631	56.7334
112.2903	52.3065
109.6489	53.7685
110.7063	54.0542
110.3102	54.4476
111.6073	51.6327
114.4294	54.9744
112.0220	57.0296
114.8925	56.9886
112.4934	59.6290
113.6339	62.1057
115.4815	65.0204
117.1692	61.4626
114.5626	62.3882
115.2713	58.4715
111.2952	56.7676
114.2239	54.6882
117.1286	67.1597
119.2635	67.7620
118.4664	66.5490
115.2702	66.7765
113.5600	70.8473
116.5729	68.4680
118.0842	70.2778
115.9315	75.0244
116.6060	68.8035
117.7803	76.0168
115.2794	71.6347
114.3130	74.6742
115.0160	65.0930
116.7888	71.3644
116.0449	67.9627
114.0947	61.2016
118.5487	61.8139
116.4672	66.7745
113.4871	64.9423
113.5090	59.2456
112.3298	63.6000
112.4864	61.4324
115.1992	60.7697
116.6429	67.6317
114.1513	71.5637
114.1262	70.8293
113.6436	69.6493
115.7448	75.0978
119.9709	80.5776
115.4405	77.2986
118.4727	78.1080
117.1435	84.7615
120.6834	79.7306
117.8975	74.9974
116.3614	65.5605
117.3889	67.5563
113.8533	64.7499
113.1893	69.0696
114.0087	67.4489
114.0887	64.4784
113.5665	64.8700
118.4285	77.1829
118.6268	80.9974
118.8403	76.2508
115.8886	71.1904
116.0489	69.3292
113.9953	71.0754
108.8350	62.3827
115.4802	65.5895
113.3534	65.5464
113.8295	61.7976
115.2462	73.7717
114.4716	64.6033
112.7995	66.3508
117.4311	69.9282
115.9585	66.3330
116.7736	72.1867
114.3463	70.4431
116.2624	71.8224
113.6805	71.7016
115.3243	69.1451
114.1448	71.3618
115.8752	76.9099
113.9634	68.8568
112.8959	67.3246
117.1107	71.0610
114.8617	75.3863
114.3453	69.0575
115.9042	73.8100
111.9220	64.1258
115.0048	69.4020
115.2928	66.2642
113.4835	69.7596
112.8819	69.3143
109.7098	65.6949
109.8502	61.6664
110.9559	61.3155
111.8873	60.8111
112.0917	64.2033
113.3625	61.1889
116.5148	67.8216
112.1207	65.1554
114.1767	68.3239
113.9061	70.6410
113.3173	74.6232
114.4716	67.7500
112.1084	67.1508
116.4525	68.4275
117.3691	71.7064
112.4277	66.7950
114.1171	64.1650
114.5861	64.4497
112.9064	67.5463
114.7123	65.7623
113.6828	74.8096
116.0935	73.1063
118.6157	71.0067
115.5938	70.4242
115.7542	66.5225
116.6348	66.4168
112.7993	73.7867
116.1349	71.4120
114.9985	66.8990
115.0700	65.0078
115.5132	70.3687
115.3435	68.6399
114.8530	66.1185
111.8459	66.3431
112.8322	69.0652
114.3642	70.8823
112.0613	68.8570
114.6248	73.1988
114.3969	71.3275
114.2991	72.3448
114.6084	71.0282
111.6308	61.2991
113.6932	72.2045
113.0395	64.1871
114.1642	71.0264
114.4587	71.4620
111.7722	69.4288
116.5501	71.9509
112.8959	77.8915
113.3556	70.5201
112.9663	70.4563
113.3085	69.7253
114.6438	66.0239
113.6436	68.2083
110.7680	73.5652
112.1630	69.0565
113.8626	69.5937
114.1577	68.0076
113.4903	61.4620
112.4592	71.1509
111.5812	70.5365
111.5515	63.2738
108.7249	63.0510
109.9534	62.4339
113.3615	63.2799
111.7559	66.4697
114.1419	67.6144
113.9284	73.4293
112.7885	67.8719
109.9010	70.9646
115.9599	79.7960
111.9438	69.9782
113.4562	71.3111
110.3971	73.9252
113.7541	65.6718
115.0502	62.8412
113.5141	72.4786
114.8391	73.6159
115.0143	73.2215
113.8655	71.5043
115.3393	66.4512
113.1056	73.4932
112.2129	70.0942
113.8675	62.5198
114.2126	67.6873
112.5483	69.0998
114.6149	67.1403
115.4320	60.6493
112.8669	58.3042
114.4798	71.7502
112.3954	67.2427
109.6718	61.5031
112.8507	64.2866
112.1824	63.0012
114.7999	66.6027
114.2588	70.9108
113.3407	64.0322
114.5221	65.9694
113.5250	72.8760
113.8955	71.9492
111.9310	69.6518
111.1636	67.5791
114.9199	66.7226
115.9527	72.1646
114.8255	70.2101
114.9745	68.8952
111.9234	70.9352
111.5006	66.9120
111.7909	59.1097
110.5521	62.5287
114.1920	72.9859
113.4783	73.0459
114.6481	74.4057
113.9780	71.9090
112.7369	64.5305
111.0661	63.3294
110.4414	61.9760
108.6447	61.7968
113.0708	65.8410
115.2831	64.5138
112.1809	61.3056
113.4541	70.2855
115.5370	65.0219
115.7163	64.6661
114.4567	62.7137
114.8383	64.2504
114.2575	63.9070
115.7430	64.0250
120.2165	70.4085
117.2813	72.1097
116.2550	62.6788
115.0701	64.5724
117.5424	64.8405
117.4146	63.5163
114.8939	65.2860
115.7686	61.2142
115.7375	62.8087
115.2458	70.3097
112.4059	62.6881
116.7969	65.5072
115.6207	59.5353
114.6988	58.3164
113.2619	63.8669
113.0775	64.2386
115.8068	65.9854
115.0030	66.4009
112.4679	61.1934
114.8471	57.5387
114.9054	64.3457
114.2138	66.2261
113.3924	59.6417
113.3079	61.9832
112.2642	55.4430
114.6513	60.0732
113.0147	62.0799
114.1102	64.5089
115.3506	62.3766
114.7195	67.1810
116.5958	67.3061
118.6018	75.4457
119.5413	72.7543
121.6281	72.0885
121.2332	70.6505
119.7657	77.2122
119.2261	63.8059
114.6696	62.6422
119.5247	66.5749
118.8455	67.5565
117.3381	63.8875
112.0182	72.1654
114.7312	76.2698
117.3106	72.9822
116.6086	77.4971
114.9928	80.8859
116.6736	82.8696
111.2481	75.7589
112.1555	76.2880
115.8765	72.1079
115.5829	79.9412
112.0797	75.8212
114.8644	71.8959
115.2545	74.7274
114.2928	82.4042
114.5908	74.7477
114.4561	75.0903
113.7857	66.1653
117.1919	70.8520
115.6604	66.9454
118.2179	76.8450
116.0795	67.9998
114.8536	68.9318
111.6677	70.2481
114.7153	65.0085
113.8383	56.5143
117.2167	65.4414
120.2695	68.2346
117.1016	68.3896
116.7404	70.2377
119.8521	74.7034
119.4619	77.3735
117.4315	72.2951
117.4192	66.1762
115.5639	67.5773
115.6097	61.4997
115.1356	62.8874
113.8273	58.8663
115.1509	58.2845
115.8109	63.5872
110.8947	61.9293
114.5904	73.6921
115.6742	70.3832
116.2418	63.8979
115.5512	69.1757
112.2882	64.8458
114.0945	66.0881
114.4849	62.1727
113.5062	68.8136
114.7244	77.3285
115.9818	74.8838
113.9420	71.7648
114.8838	66.7028
116.3653	69.6819
115.4741	75.0862
115.8726	68.8923
117.1481	73.3359
115.6746	69.3189
116.4727	68.3638
114.8711	72.3699
114.0930	67.5744
119.0332	68.3445
114.8269	75.9082
116.6912	75.3316
112.8012	67.7467
114.9279	71.1865
113.4829	62.9779
113.9611	69.0501
113.0140	59.7762
116.2943	68.1456
114.2322	61.8149
112.1615	64.6723
112.6073	58.0085
112.1286	60.4630
117.0009	65.0360
114.5065	65.7314
118.2087	71.8846
116.0552	71.5971
119.2023	72.6372
117.7942	71.1160
118.3927	78.7583
116.1147	72.9290
115.6486	66.3249
113.8644	70.5436
114.6022	64.1972
110.1327	58.2674
112.4711	55.8227
115.3642	63.9760
113.8995	58.7899
113.6287	56.5189
113.3362	55.1472
113.7538	73.5943
111.3741	63.0933
110.3270	61.1064
112.3971	63.6811
112.2750	58.0796
112.0856	72.0140
112.1548	66.8624
112.0353	65.3323
109.4277	62.3403
111.6497	61.7113
110.0538	64.3021
114.1275	73.9356
113.7067	74.2409
116.8667	70.9101
111.7550	72.1016
113.0968	68.4018
114.9990	66.8169
111.8896	68.5122
114.0955	65.7983
111.0807	61.3281
113.4116	60.0646
116.9180	60.9172
113.5451	68.0131
114.6482	66.2892
113.3302	64.0095
111.6627	62.5288
113.2265	65.2247
111.6879	68.6627
110.1088	65.7421
111.5857	69.4306
111.0788	64.9615
111.2291	57.1261
112.5827	60.2337
113.8527	62.3437
113.7964	66.7138
114.2472	71.9391
114.1640	69.6972
114.3676	66.4650
119.0958	67.0190
117.9846	75.5941
112.0697	71.5602
112.9860	72.1598
117.9409	66.7352
115.8831	60.4213
113.5170	66.3692
115.6458	68.3712
112.8229	64.3907
115.0766	63.7144
116.6354	63.2734
115.6597	59.4851
113.9840	56.8779
116.8855	63.6484
115.2262	52.3818
118.6242	49.2369
118.2330	62.5389
118.9818	72.2676
119.4821	75.4642
122.5001	68.9859
119.6288	73.2996
120.8097	70.6814
121.4164	68.9000
117.4130	67.2341
117.4330	59.8495
115.9176	53.7142
113.6554	60.4910
117.3989	67.1003
117.4107	65.1880
114.1707	68.2990
118.5625	68.8667
119.4955	62.9505
114.9144	67.3240
118.9416	64.0009
118.9275	69.1384
115.2237	65.2529
115.6449	57.9388
116.7503	64.2644
120.1631	67.4933
118.8851	62.8959
118.6076	61.9755
118.7379	62.2800
117.8863	65.8506
118.7825	70.3548
117.2242	70.0537
119.1729	66.4128
115.6152	59.9490
118.6725	64.9034
118.5922	67.3509
114.3333	67.4304
116.4001	65.0446
115.5766	66.1841
117.4311	72.5823
118.2097	72.7475
118.1164	75.7964
116.2732	74.6992
118.5056	80.2329
115.4409	73.2040
116.7040	68.4367
116.1673	69.6187
117.7041	74.3611
116.6147	67.5492
118.9523	64.0751
117.2906	61.7510
112.7816	61.2432
115.1167	67.7485
113.9223	65.4793
116.3619	62.4697
114.5132	61.4946
114.8387	65.5460
115.0017	65.4344
113.5090	66.3660
115.1783	66.7163
116.0656	56.0387
113.7058	63.1109
111.7271	61.2798
110.6236	58.0371
111.7626	55.3720
113.4440	59.4970
116.4497	55.8514
118.5571	59.2518
119.5464	59.4780
117.1605	58.2677
118.5258	57.1323
118.1209	55.8706
117.4123	60.7251
116.6191	66.6341
118.4735	57.7627
115.7096	58.9181
114.0745	53.1795
115.9843	50.7403
112.8051	59.9333
116.3087	57.4809
118.3733	48.4298
115.7152	60.4044
117.0776	70.8443
113.3812	68.7632
117.9518	69.2370
117.2074	67.0590
115.6602	65.3987
116.3463	64.3459
115.2979	63.8257
115.3640	61.3563
116.9709	63.0237
117.8131	64.8122
117.9088	59.0442
118.4262	61.7090
117.3087	60.5627
117.3988	59.6309
114.0670	57.1822
115.0831	58.7636
115.2271	61.9428
116.9981	60.1790
115.5264	60.8442
118.8204	58.5663
120.0423	60.1167
118.8878	56.2094
118.3528	59.5709
121.3406	58.5578
120.9394	55.7952
127.3262	62.3167
125.8150	62.5725
121.6154	68.9908
122.9838	72.3516
121.7377	65.9688
124.0884	70.6454
117.2807	69.9758
120.3838	68.8162
117.1970	65.6938
118.4996	68.2812
120.6332	68.6862
119.2059	61.0342
116.1328	64.0631
112.8707	62.3704
112.4647	58.8626
112.9651	60.3651
113.5811	58.5960
116.9151	54.2625
120.1632	59.7703
119.7583	65.1101
119.4016	60.8918
121.5505	53.5861
119.4756	57.3624
120.0294	58.4064
122.1169	61.3219
123.0525	64.7589
124.0401	63.6616
117.4556	59.6797
112.0193	55.8879
113.5451	58.1365
115.6401	54.2348
115.9925	56.6838
116.4262	56.1271
119.6149	60.2511
119.1409	61.0083
119.2258	65.2885
117.8686	59.2195
117.6703	68.0026
114.3586	57.0542
116.0927	57.6660
115.0345	55.0397
115.5711	62.3419
117.4361	64.0684
113.8058	64.9874
114.5648	60.2600
109.3241	62.5719
112.8878	56.0059
110.8585	60.2300
110.8635	52.2922
110.3272	54.7049
110.0267	62.8333
111.6335	57.1772
111.9213	55.8996
113.5783	60.8146
113.8858	56.5040
111.0066	54.2703
113.0014	56.1316
113.0481	50.6779
113.3650	52.3337
111.9208	53.6288
114.9738	54.4933
109.7116	58.6901
107.4728	60.1538
104.8047	53.0774
109.3324	57.3507
109.5424	58.7135
109.5929	54.9212
107.7070	59.9916
106.5395	64.2710
104.7006	59.1020
105.7032	63.1007
110.3812	64.0206
109.9491	67.0906
112.1047	64.2825
111.7823	62.3727
111.9768	63.7451
112.4736	58.4959
111.9717	62.0591
113.2736	61.6268
112.5299	71.3980
114.2255	72.5153
112.8567	65.1030
113.7785	64.2218
112.8657	62.6148
114.6257	61.0833
114.7563	64.3549
113.7902	67.8027
115.7187	66.9411
112.6976	63.5356
113.0802	57.5132
112.8680	58.3387
112.7838	62.5448
112.7854	62.0091
113.8209	65.2863
115.5876	65.4323
116.3443	55.5570
117.1486	61.3734
111.1689	62.6565
111.4961	58.2737
114.8864	68.0793
115.7733	67.2984
114.0955	71.2221
112.6680	65.2802
113.8965	61.7730
103.3583	62.9544
110.3124	56.7600
111.4478	55.9731
112.2298	57.3739
111.6006	58.3967
109.1869	62.5103
113.0614	64.5143
109.1908	58.9762
116.7279	58.7570
113.2410	63.5817
111.9054	66.0281
114.4263	62.3649
117.0437	56.6334
117.6802	58.0596
114.1116	59.0253
118.2188	58.4209
119.3352	58.0106
119.9288	59.6590
118.5706	64.1449
117.2324	64.1873
117.7660	67.0526
116.1185	64.8773
113.4641	55.6670
115.6100	60.2153
114.1671	64.1953
113.2850	58.0707
112.9951	61.9968
116.1350	69.3602
114.8169	60.3532
115.3830	59.0228
116.5150	65.9533
112.6959	55.1311
115.4984	61.8360
113.6668	54.5854
114.9564	65.2720
116.4141	63.3139
114.7571	61.7618
113.5821	63.2587
115.0065	58.8794
115.3156	62.4471
111.7035	59.4873
114.3587	52.8070
117.0366	51.5369
114.3811	59.6688
113.9896	64.2881
118.0061	65.3032
112.8922	63.6299
113.5465	71.2493
109.6364	61.4777
115.0486	61.7685
112.7387	57.3369
112.4959	60.5474
109.9876	56.8225
111.4800	61.7056
113.9542	52.8266
114.0256	54.4197
113.3079	58.8782
114.2264	63.1446
112.0518	59.2662
115.3250	53.7924
115.1879	48.9312
117.5137	57.2147
115.9169	62.0636
117.8150	60.5835
114.2915	62.8254
115.0528	68.7452
114.8858	75.4363
114.5954	69.7433
116.8405	68.0841
112.7501	63.7686
112.7703	71.4211
112.1389	63.6555
112.1309	62.1736
114.3120	64.8893
115.8636	67.0159
115.9977	67.9084
112.7539	59.7733
113.6984	61.6299
110.2523	51.9452
113.4337	54.8359
111.7651	49.0168
111.4533	47.7550
112.7367	54.8248
110.4922	55.2002
110.9344	57.3532
115.0379	45.9810
112.1998	56.8858
110.6313	56.4142
115.2452	63.0041
114.9837	68.4334
114.9958	62.4802
113.9218	54.8717
111.1721	53.2344
112.3349	50.5310
114.0038	58.0293
114.5164	54.5150
113.1493	52.9921
113.0372	60.0753
112.4526	59.1847
113.2826	56.2347
113.0883	58.8507
111.4879	55.4351
112.5711	56.1581
113.1944	51.8680
113.3841	60.8825
114.0601	55.9392
114.2973	56.4288
114.0708	55.1286
110.7337	56.6463
113.0547	57.3701
111.6826	56.1210
112.4686	61.4854
112.6744	49.7157
115.9479	51.1021
112.8007	53.1900
112.9980	48.4774
113.4506	52.4736
113.3145	53.7113
114.6345	49.1406
110.7286	45.4873
108.9181	43.8172
112.8599	51.0257
110.0831	52.7825
111.6302	50.5651
111.5404	51.8936
112.0590	52.4562
111.2472	51.2042
111.0680	53.0515
109.2913	54.7343
111.3587	57.6226
113.5866	55.3373
112.3249	54.3721
111.5478	49.8532
117.0355	47.3523
116.4754	49.1709
114.9269	48.8070
118.8679	50.5859
119.7030	45.1021
119.0426	41.5585
117.5217	49.9018
115.1829	48.0335
118.0551	41.8434
114.6974	43.5323
113.3019	46.4957
114.0348	45.9439
117.1102	47.8488
120.0840	45.6101
120.9280	46.2901
119.6431	47.2309
118.8467	41.7332
116.0059	45.9912
115.9541	44.4835
113.1673	40.8853
116.4096	51.3759
114.1472	58.5026
115.4910	52.1152
116.3033	49.9427
114.9968	51.7139
114.3919	48.6250
115.0449	52.6347
117.4423	54.8326
115.5591	51.3250
113.9625	55.2016
114.7194	55.7341
113.4633	56.0966
113.2076	59.5951
115.5138	63.0757
118.6008	53.7009
114.1779	50.9888
114.6457	58.6237
113.4863	57.4363
116.2340	57.6447
116.4142	53.3043
112.8493	53.8211
115.8689	56.1529
115.0297	50.1249
111.9298	63.9929
112.9048	57.3528
112.2771	59.9069
108.9346	51.9877
110.5382	55.7297
107.9668	51.0728
114.2426	48.3825
114.8686	56.1439
119.7994	56.0887
117.3562	52.1401
116.9533	48.4297
114.8205	59.1153
117.8389	53.0637
116.4145	53.8023
118.9084	54.7246
121.1625	50.3440
114.5935	50.2807
117.7606	61.5800
118.7207	62.4353
118.5878	63.9236
118.0033	52.7906
119.2287	60.2260
118.5142	59.4043
118.2677	55.2998
117.2533	54.3564
118.2841	56.5117
118.8136	48.6346
116.1679	54.8494
116.3966	52.9817
115.1513	54.0933
116.5942	50.8974
114.4576	50.0192
116.9978	48.4703
114.8556	48.4465
115.1923	45.0041
118.1090	51.4314
118.0767	55.5243
117.6513	47.0440
116.0319	45.7271
115.9212	43.8733
115.6901	45.5977
117.7125	42.3733
117.6590	40.1481
116.1823	44.4615
116.2841	41.9707
112.8940	41.0563
111.7155	38.0476
113.1397	39.5254
114.8827	50.8919
113.0731	53.5609
116.6349	48.9358
118.5351	51.8898
115.0874	53.4325
117.8143	48.8375
115.0422	50.1940
115.7855	49.5400
112.7948	48.1173
108.8768	56.2018
112.5927	50.9798
113.7702	51.7559
116.5111	53.4326
114.4276	61.2230
116.6271	57.1013
116.3896	55.3016
116.6649	49.4858
119.3388	53.1301
116.8923	48.2333
115.3096	54.6082
115.6774	47.9189
114.4925	54.1387
117.5613	55.5384
116.7634	46.2290
119.3734	66.7859
116.3698	65.2778
116.5942	53.0747
114.3423	53.1162
117.6561	51.9751
120.8052	62.3702
121.5205	63.6403
117.7936	59.3111
118.5868	63.8221
117.0409	63.1672
117.3647	63.2249
117.2484	63.4969
115.5691	60.4363
116.6603	62.2370
113.8102	66.2282
116.6517	58.7935
117.1915	56.8963
112.9424	63.8950
114.4896	62.4189
114.1832	66.1247
116.5341	61.7378
116.1402	69.0082
117.7465	66.0278
117.1918	68.1140
117.0637	64.9107
116.2703	71.1858
116.4866	62.7987
115.7314	73.6239
114.8127	72.6067
114.5541	64.8649
115.9359	69.2672
114.0534	71.2850
117.0156	68.2934
118.0537	70.4459
119.7409	66.7026
117.2537	72.1517
116.8985	68.0553
116.7894	66.9039
119.2260	68.3177
117.0049	66.0655
113.9480	73.5420
116.5436	64.9240
119.3580	65.3340
120.0012	72.1257
116.9486	72.7915
118.9093	74.0963
116.3981	80.4527
116.2499	74.6056
116.0856	68.7649
114.6811	69.6404
115.9622	66.6516
117.2842	70.4096
114.9431	72.6867
114.8653	71.1082
115.2225	64.0412
115.5994	66.6301
120.1418	62.0122
116.8707	68.6245
114.5617	72.0832
116.6616	66.6228
118.6235	58.7192
117.4970	67.5852
115.3903	68.9611
115.5125	68.2661
114.9772	70.5352
116.8794	76.0973
116.5534	71.9709
122.2372	76.7925
118.5431	77.0969
114.7866	79.9732
115.2002	76.4318
117.4813	76.0899
116.0325	74.3782
116.3061	69.6189
117.2239	70.5608
113.6530	73.6143
114.7455	66.2329
111.9227	64.8784
114.2041	71.5757
116.4839	66.4053
117.7982	70.1333
112.7021	68.7541
111.4110	66.0812
108.4503	65.5999
111.7086	66.4802
113.5335	64.5755
114.9575	73.5705
113.8577	72.4276
109.9024	75.7771
113.8520	81.3194
115.5299	72.5277
113.3737	73.3768
117.8772	73.6531
110.6110	70.3388
111.7701	77.6276
111.1084	78.1443
107.5546	72.7261
110.9475	74.4835
110.9811	78.0733
110.3711	83.1731
107.1673	79.1631
111.7444	83.3757
111.0154	87.2676
109.7619	78.0716
111.6052	83.5861
108.5926	80.7230
107.9207	81.4654
106.8230	82.8848
108.9617	80.6897
108.8077	79.9956
106.6577	74.0449
106.9463	72.0827
107.3636	74.5799
108.6616	77.6731
110.7399	76.9413
108.5253	75.1712
110.6579	76.8558
109.3970	72.5858
108.9978	69.3860
104.6728	69.1629
106.5524	65.5037
107.4193	66.8173
105.3025	67.9700
105.6485	68.0386
105.8144	72.5442
102.1618	66.6830
104.5685	70.4849
108.3310	70.5837
108.1825	79.0562
108.2141	69.3519
107.9652	80.4086
108.3975	77.5176
113.1712	76.8741
109.5298	80.3928
107.9962	76.7927
110.6494	78.7103
106.3651	69.4989
107.4263	75.7281
107.9317	70.5713
106.6623	69.5012
108.0590	75.2999
106.3816	79.5089
107.0183	79.6577
107.2541	74.8177
104.2945	76.8976
106.8753	82.6250
107.9602	78.8958
110.4801	87.7572
110.4036	84.8214
107.5286	85.7822
107.7509	76.9161
107.2752	78.3300
107.5912	75.5753
109.6944	82.3985
105.4316	83.6141
105.4710	74.6258
109.7023	75.6099
108.5596	79.6808
105.8169	74.2845
106.6407	77.1060
108.5786	79.1311
105.2135	74.9095
108.3634	71.6292
108.9241	81.3318
108.1571	77.0477
106.5692	81.1453
105.8681	78.9963
108.7944	76.1981
107.9643	73.4238
109.7742	72.4897
109.5412	67.8108
108.4906	68.4306
103.7639	70.6335
104.3556	68.7336
102.1561	69.6562
106.1295	79.7844
104.2334	70.4023
105.5375	69.1064
106.3816	69.0534
106.7818	64.4177
106.1798	69.8714
106.2394	77.3152
106.3412	78.9931
104.6914	79.9815
106.3304	74.9884
104.2852	72.0394
103.8659	70.4468
105.2634	71.0590
104.0988	74.6321
104.7921	70.7091
105.4654	72.9738
103.9133	76.0491
102.9253	73.9728
106.2392	76.3035
104.5422	71.9328
101.7471	74.4298
104.4104	76.2318
105.4761	78.3294
104.5863	81.7991
108.4739	82.7738
105.8038	85.6227
105.2817	85.6768
104.4917	90.1380
105.4944	90.3167
106.2724	92.2733
107.5827	97.3563
104.4603	84.5797
103.7916	86.0877
107.5133	90.4843
103.8489	90.2822
106.2777	83.6201
102.7891	89.9764
105.2973	96.2095
105.5711	88.7541
102.7382	88.6948
105.3937	88.6220
107.4033	86.1073
105.7665	89.0116
104.1347	91.5038
108.0864	88.3889
110.3090	92.1236
107.1744	86.5596
106.0010	83.5143
106.8479	83.3505
106.7474	76.3220
108.1749	74.1740
108.9146	75.5292
106.3713	73.4250
106.3189	80.6873
106.8183	75.7349
102.1510	76.4914
103.4858	72.9020
104.0055	77.3264
101.0024	78.0323
100.5856	76.1647
99.8907	79.6206
102.7690	74.9104
105.4924	81.2301
103.8709	75.3714
103.4240	76.4369
102.9701	78.0831
103.0351	76.7493
104.1548	76.9245
104.6795	82.1605
106.9920	87.9173
104.8449	81.3820
103.9083	76.7505
104.9329	80.7261
103.8936	77.1759
107.1269	82.4145
104.4922	74.4558
103.9014	81.1511
105.0905	83.3751
105.1571	81.6145
104.6954	80.9657
104.6468	90.0871
100.7418	87.8436
102.6224	82.9679
102.3131	83.3408
104.2939	81.0832
103.0733	82.3769
102.9747	82.2935
102.1639	75.5867
103.0475	75.8879
103.2304	80.9750
102.1282	77.8286
103.6678	78.9323
101.3200	79.9630
102.1986	76.5856
102.8253	82.3974
101.3560	78.8463
103.3638	83.0219
102.9803	83.0644
102.7077	80.4215
100.6824	74.7318
105.0801	86.9790
101.6119	79.6251
101.9394	77.1489
101.4510	83.9071
103.2288	84.2322
103.6900	84.1108
104.4935	82.5135
101.0727	72.2107
103.3825	76.7635
104.6306	76.9262
103.9065	77.0208
104.8474	80.6637
103.1040	82.2375
102.6343	77.4291
104.5112	81.8420
103.9765	83.1892
101.8611	77.9445
104.3515	80.4554
101.3668	81.6236
102.5932	80.9586
103.3026	83.4201
101.5897	77.6580
107.8956	80.6508
104.6939	80.2060
104.0412	81.4710
102.3820	83.3026
105.0572	86.3908
105.7595	87.7087
102.4227	76.6530
100.0138	72.7895
100.4357	79.0390
103.9501	80.4164
101.2063	79.0152
103.7008	83.4419
103.0463	81.7230
105.0870	91.2399
103.3057	86.0770
105.0053	87.8215
105.2009	85.5895
107.5618	79.4311
106.5278	84.6620
104.6483	84.8262
106.9849	87.4813
103.0945	80.6508
103.7607	88.7351
101.5777	82.1107
104.8841	81.7110
101.9378	75.8603
103.7655	82.6859
102.3656	82.2072
104.2986	80.0868
102.8833	78.4760
101.2990	78.2360
100.1160	71.2757
100.0525	75.5964
102.6290	76.3024
102.6350	78.5110
102.6716	73.0370
102.6612	73.1634
101.2269	67.3827
101.4405	70.1179
101.8225	76.5082
102.8196	81.8845
103.9450	80.9379
100.3804	76.1128
100.7040	72.6111
103.2260	76.8721
100.1440	76.5601
102.0414	76.9951
104.1666	81.2154
102.1547	68.6151
101.4930	76.4144
103.6781	71.6777
103.8522	76.3042
100.2162	75.4525
102.7932	79.9180
99.8806	78.0420
102.3909	75.2330
100.0242	74.7898
99.6063	71.8508
103.6518	71.9553
100.3035	76.5074
99.9563	77.4574
102.5189	80.7109
102.4756	81.5257
104.9592	77.9255
102.6414	80.4722
106.1741	84.1394
105.5605	84.3736
107.5459	83.5456
106.2472	77.3639
105.7180	83.4203
104.0094	80.2425
104.7327	76.3366
103.6425	90.4835
106.1444	83.9808
101.2878	80.6343
101.0459	82.4787
102.2835	88.6291
104.1203	85.8957
104.6118	83.9828
101.8108	84.6894
103.7734	82.5228
105.4694	82.9096
103.1207	77.6809
101.6196	77.6910
103.9878	85.5109
104.4182	82.4433
103.3755	75.4762
105.5871	79.7048
102.7408	76.0773
103.5615	80.5908
105.4921	81.3318
103.4814	86.0857
102.8972	87.9052
103.4673	81.5666
101.6614	74.3346
101.6219	73.1294
102.1387	78.0432
100.4014	79.4070
103.4070	79.6939
101.1034	74.9043
103.9896	73.2625
103.0365	75.8571
103.4697	75.9818
105.1600	82.1324
104.1972	81.0914
100.6635	81.0742
102.8602	80.7777
100.9566	81.6462
102.1959	77.1481
104.4444	81.8163
103.4183	79.3345
104.4336	81.1437
100.7059	80.8042
103.4780	80.8687
101.9014	75.6593
102.9018	79.6048
101.4906	88.7548
105.4972	82.3939
100.6500	80.6172
104.2100	82.1473
103.5679	75.7695
104.3661	88.7833
105.0455	85.2879
105.3060	79.8812
105.5355	84.2601
102.5683	92.1531
101.4746	83.9622
100.6785	79.5511
101.6336	82.0487
101.7531	80.6106
102.1189	82.4185
103.8902	77.7526
103.3286	80.3101
102.7237	81.5874
106.0562	83.2732
100.9919	79.2447
104.5158	78.9913
101.7181	74.9456
104.2415	79.5002
105.1767	77.6960
104.3681	75.9847
104.4041	74.8425
104.7224	74.6313
101.7573	75.9753
99.6252	74.3481
102.1163	74.1140
103.8307	80.1086
102.0423	74.8678
103.6331	70.3738
99.6120	68.1045
102.8931	74.4445
102.6863	78.1050
102.4987	83.2455
105.6662	82.5542
103.9483	86.5170
105.6058	85.3104
103.3189	83.1317
105.6764	81.3469
106.3405	86.1243
106.9768	78.6529
104.5133	76.1392
105.3301	79.2770
103.0942	76.6315
102.4971	77.8071
103.0711	76.9255
103.2625	82.0788
105.9076	80.5142
107.6946	79.5135
104.5560	81.5017
103.6157	75.5689
103.6272	74.7827
104.1160	76.5043
106.4831	74.9385
104.5731	79.5375
105.8877	81.2460
106.1128	78.3670
107.1098	79.7294
107.3624	83.1489
104.7654	79.2551
106.3419	80.2086
103.8647	76.0365
102.4757	73.0517
103.9630	71.1004
104.0259	77.3001
104.1336	75.6975
105.0799	76.6898
105.8004	76.8962
104.9004	78.1598
104.8033	67.7531
99.9655	74.7238
104.6163	77.1503
105.3530	75.7321
105.1093	74.4782
105.6526	74.5325
105.1187	70.6823
103.7084	66.7527
103.3144	68.4246
104.5420	70.7051
104.4809	72.4977
101.6479	70.0214
105.0348	80.8170
103.9339	72.2081
106.2922	76.0360
112.3190	81.2584
111.9874	85.4392
110.0846	77.4175
117.1435	70.3656
115.6917	72.8460
112.1356	66.9413
114.9957	65.9552
117.3860	73.1374
116.7560	69.2842
116.8984	68.6853
122.6593	70.6414
118.2230	68.5077
122.4008	67.8420
118.6210	67.1347
117.9683	70.5755
117.0097	65.6912
115.0215	70.5230
116.3333	70.7856
114.6619	67.5059
115.1702	67.8494
116.8642	69.7638
112.8249	67.4691
118.3048	68.7937
114.5684	65.3043
111.6533	68.2254
113.1641	63.2969
113.7781	63.1175
113.5150	61.5851
113.8388	61.5672
110.2088	66.5478
112.6468	73.9871
111.5127	74.1614
111.5741	76.6662
113.0185	84.3872
113.9517	81.1629
113.9413	77.1015
113.0401	76.8081
116.0404	74.6521
118.1263	69.7613
112.6685	67.9844
113.9078	69.5779
114.7794	71.5202
118.1299	69.0918
116.6891	74.8665
114.5272	63.1620
115.2501	61.2939
114.8495	60.6018
116.0043	62.8481
115.3263	62.9304
111.4620	68.6428
113.1284	66.4281
111.3740	69.3552
110.4177	70.0614
115.9362	72.1943
112.7137	72.8247
111.3230	66.8124
110.3173	64.4246
113.4759	68.9279
114.3435	71.8217
118.9476	68.3017
114.9466	68.2740
116.6101	69.5838
118.2443	72.2957
119.9410	75.6090
114.5534	72.2534
115.9774	63.1997
107.5801	65.6095
109.4517	60.3138
116.1405	62.5745
113.1418	66.0691
113.4340	61.1302
112.2074	66.3969
112.8441	73.4938
114.0234	73.2445
114.2873	73.2124
118.3251	80.6874
113.3861	70.7718
112.8208	67.3041
113.7590	59.4348
110.9512	57.4928
114.9948	56.7717
116.0629	57.8210
114.6830	61.6343
111.7947	58.5792
111.7231	61.1578
120.9419	62.2897
115.4832	56.2661
114.9098	60.6113
117.7012	60.7833
116.0239	62.0167
116.4188	57.9561
118.2138	66.1305
116.6254	56.7567
115.3291	67.0030
116.0919	68.2799
113.7305	60.7877
116.9506	59.3645
112.9310	60.3603
112.5667	57.4694
111.4838	58.8677
112.8535	65.5484
112.0669	63.3507
112.7608	66.2159
112.9013	64.4382
116.7724	62.6776
118.2902	68.3011
121.5476	72.6027
116.7998	76.0068
119.2271	77.1441
122.4268	74.9520
120.7989	69.1587
117.1234	67.6773
117.2813	59.3964
115.0917	63.6729
117.3687	61.0393
118.9554	66.0416
119.0738	65.7243
115.0011	69.0551
118.9164	68.1662
119.9578	63.5739
118.4478	64.8555
117.6206	66.2806
117.3899	64.4918
115.4092	66.6037
113.9895	62.6851
111.2310	63.3625
119.4637	62.2145
119.6489	66.9765
120.9233	65.3586
115.6097	63.5057
111.6990	65.1924
116.7034	69.5082
116.2670	67.5101
116.0685	60.8193
113.4558	61.4957
114.1227	60.5766
116.9097	68.4842
114.6925	62.8833
112.0993	65.6005
114.2095	60.9567
113.0755	58.4618
116.2881	60.6643
116.4372	60.3154
115.8017	62.4051
113.4761	70.0389
113.0625	62.5838
109.7633	55.2235
112.4592	55.4391
114.4668	61.4392
114.3052	50.2262
112.2121	55.9155
113.3582	57.1096
111.7073	57.1245
113.9614	58.6125
113.0743	51.3430
114.2529	57.0651
117.0112	58.5467
114.6810	60.6104
111.9905	56.7777
111.6277	58.9075
111.8714	54.7198
110.2786	55.2421
112.8432	56.2989
115.2996	55.4388
113.8816	53.2451
113.5293	52.0749
118.9739	58.6269
114.4724	56.8817
115.2522	53.8038
117.4264	61.8363
118.3642	59.7725
117.1472	62.0967
120.7187	70.1454
119.2710	63.4766
114.8760	58.8051
114.7230	59.6462
117.1072	59.1255
118.3341	67.7672
114.7621	51.7812
115.0828	57.0009
114.7696	56.9410
114.4382	61.8109
117.7315	61.1933
116.2740	57.9201
111.5869	60.7343
112.1953	58.2749
112.6191	64.7524
112.7225	57.1567
113.7483	55.4910
115.2388	60.0489
115.6119	61.8579
117.6562	59.1247
114.5503	62.5941
117.2453	60.1327
114.7119	58.3338
115.2940	56.4302
113.0580	58.2235
115.1297	57.9587
121.3759	61.1054
112.2847	46.8328
110.9443	48.2752
113.5247	53.3063
113.4654	60.3740
113.3832	55.6032
115.1413	57.3005
115.0408	46.8395
115.5946	60.2917
112.9996	51.6245
114.4377	55.5065
116.2283	59.1994
117.3371	58.2405
118.1949	66.4709
116.4571	57.5320
115.9548	57.9427
113.3314	53.4884
115.1209	62.5918
115.2351	60.4297
115.7352	61.1993
111.7506	57.4824
110.8256	52.5972
111.3637	56.8295
112.3090	60.5800
111.2500	53.0592
108.8804	55.5963
112.4989	52.7530
116.1570	55.9536
117.2920	62.1650
114.6111	66.3624
119.0688	60.7053
116.7945	61.7692
116.7944	56.8045
112.8631	62.0867
114.7932	65.5724
113.3833	57.5135
114.3088	61.7729
113.5864	55.1813
114.0843	55.8632
115.3488	51.0064
113.7146	61.0780
115.8897	59.7640
113.9777	59.2589
117.5958	62.1294
118.5463	63.7387
111.9490	61.7123
115.8463	60.2286
114.9530	59.9846
114.5883	57.1611
116.2092	52.6989
113.5568	54.1152
116.3450	56.0271
116.2193	63.1780
115.3260	61.0446
114.5646	60.1959
113.7064	56.7378
114.7818	61.0132
115.8493	63.2284
110.7058	54.8848
113.5723	55.0470
116.9820	57.3470
112.8672	50.6081
115.7265	52.7228
114.2459	62.7745
114.5864	62.2593
116.5304	54.0225
114.9599	53.8647
115.5531	52.4795
114.4095	57.4910
117.0999	55.0757
114.6319	51.6440
116.1064	52.8866
114.4729	51.9672
114.2942	59.2807
115.0750	57.4707
115.5098	58.6095
113.1550	57.8039
113.7692	61.0255
119.3586	54.2751
121.2633	57.8512
114.4604	62.1651
114.5907	58.6360
115.1388	60.6359
113.4184	58.5718
116.8035	65.0425
114.3146	58.8511
113.5064	64.1903
112.0995	56.7590
114.3429	55.1568
113.1356	54.0041
114.5460	50.9720
114.1931	57.5004
117.5190	68.1570
115.5159	66.8621
116.1133	67.6670
116.0285	57.2693
113.0512	58.3995
114.8855	62.7642
113.1187	64.1611
116.8143	63.6307
115.8161	66.2799
115.7873	71.5581
114.3002	71.2951
115.3506	67.2985
117.0084	65.4838
111.4043	62.7962
115.6718	69.9205
118.0811	64.1034
113.8402	70.5264
115.9670	63.2036
117.7756	69.3411
112.8824	67.0630
114.6699	63.1072
118.6212	67.1033
114.8427	63.4391
116.2236	65.9626
114.9247	62.2005
116.6062	67.0851
111.2256	60.1965
112.3519	55.7975
112.2908	62.7111
111.8870	57.8452
116.7790	58.7098
114.7289	56.6338
110.2188	56.9829
114.0216	61.1791
111.9694	58.2539
114.6633	59.6532
109.9059	63.5941
116.3578	62.3000
112.3439	61.9319
113.8410	59.5168
117.7607	64.3429
115.9593	61.3782
113.3626	64.4924
113.7460	62.8530
113.7518	70.6165
114.7685	65.3979
113.8515	62.6059
116.3865	68.8126
114.5384	66.7102
114.3387	64.4620
115.3680	63.4888
116.1457	55.7907
110.7558	63.9671
115.0966	63.4044
113.2075	54.7367
114.7524	63.9860
114.1871	64.1346
111.0754	60.8172
114.8129	65.0578
114.4945	63.7600
112.7823	63.2023
115.2619	61.6794
116.0375	60.4575
120.3286	56.0178
114.7775	64.0041
118.2168	60.6528
120.8989	59.3707
115.6013	59.0033
115.5886	53.4135
118.1689	54.1616
113.7431	57.5922
114.4105	56.6751
114.6610	56.1279
117.8613	59.4996
116.4022	53.3241
116.4691	46.7172
116.6827	52.7513
116.1660	57.2195
115.2071	62.7181
113.3601	55.2746
110.7659	57.9750
115.4019	51.6582
114.4503	55.8919
109.9812	57.4016
110.2857	57.9773
107.2960	54.3545
111.2409	59.0846
113.3647	66.2530
115.1897	64.2989
110.3929	57.5001
110.6111	57.0153
113.0205	58.2966
113.9323	58.4621
118.2429	63.9758
115.9960	59.3331
113.7901	61.4618
116.8078	63.7388
113.7807	70.0155
116.1519	67.4017
114.4418	66.8003
113.5744	65.1335
113.7173	63.1290
116.0797	65.2111
114.7466	61.0464
115.4634	60.3464
111.9031	61.5050
113.8136	63.1693
114.9894	60.9166
115.5800	66.7654
112.6567	67.2606
113.1187	61.9554
111.6778	61.4001
114.8361	67.3837
114.6527	61.1548
113.9721	69.3032
114.8454	58.2327
110.7398	60.2509
111.6175	60.8831
112.1412	58.7051
113.6238	57.0634
113.6901	62.1332
114.7571	64.9750
114.2114	66.5823
111.0416	58.5087
115.5112	64.8299
111.9376	61.2929
113.3136	59.3255
112.4368	58.6720
117.2019	61.7449
116.2674	60.9690
112.5876	67.5654
114.3078	70.3988
115.2627	62.6459
116.1829	62.3451
115.7053	61.4722
113.6490	58.8081
115.1024	63.2374
118.1096	62.8230
115.1057	67.6453
115.1606	60.9593
110.8865	63.2171
114.4544	55.4837
115.3265	65.9023
112.9433	61.4510
115.2285	64.2982
109.7002	66.3913
110.6605	59.6773
114.4987	61.1362
111.1806	58.5543
114.3716	58.5940
116.6685	70.5519
112.2375	66.4024
112.8734	67.9588
110.9988	62.6987
108.0794	61.7360
109.2417	60.0724
108.8907	58.4869
106.4385	68.9374
110.4833	68.0665
108.1592	62.1009
112.8039	60.8849
107.9415	61.7136
107.9320	63.6195
108.1143	64.0756
105.2073	60.9279
109.4135	57.4377
108.3531	59.7474
110.2552	55.1220
106.6648	62.0045
105.5085	65.4686
105.3685	59.2950
105.9989	63.2573
108.9779	64.0207
106.1637	57.8945
110.0886	61.0495
111.9942	62.9467
111.9723	68.4069
114.9925	66.9177
114.4694	75.0775
115.7124	77.0935
111.9973	70.0466
114.2399	74.9207
110.2216	76.8670
112.2971	73.8754
113.8547	66.5731
112.3362	68.9064
114.4344	69.5450
113.3439	69.4837
114.4139	76.5885
110.6573	77.5504
113.7428	68.1538
110.3914	61.7029
111.3862	61.3839
110.4812	61.6221
111.7126	67.0421
110.6196	68.5483
110.2046	66.9125
113.0096	73.1310
116.2646	75.7583
117.2512	73.7073
114.5520	72.7019
113.3155	70.5368
118.9476	75.2573
114.5676	68.1920
111.7985	63.6120
116.7561	67.6863
112.1639	68.5152
114.1892	72.0780
111.0365	66.6768
113.3641	75.9206
118.0918	67.5881
119.5258	65.3992
119.4274	63.7170
122.7685	69.6668
119.2814	73.5052
119.4201	74.5487
119.8522	73.4508
119.8238	70.0412
119.5413	64.4382
120.2280	70.7074
121.5141	70.7719
118.8631	68.7010
119.0337	66.0284
116.7132	73.5659
119.1483	67.2434
119.9321	70.6797
122.5254	66.7659
118.4544	68.4178
116.4404	66.7395
117.4959	61.6065
117.5829	63.3275
118.1760	64.2047
118.3678	63.0933
118.4561	60.5015
114.9220	60.1555
118.3395	64.8136
116.9868	65.5034
119.1857	60.7951
119.2372	64.4434
118.7728	65.7195
119.9546	72.1836
119.6334	66.2822
117.2773	65.4471
120.2374	74.6739
118.0007	69.2211
119.6227	73.6934
123.6108	69.3775
122.7464	71.9440
123.3532	65.9302
123.1199	71.8451
122.7726	69.4881
120.2641	66.1819
127.1166	66.4005
125.4208	63.6675
123.3826	69.7839
120.4243	68.7390
116.5619	79.1705
120.8274	74.8334
122.0282	76.4107
124.4942	75.8799
125.0260	83.7302
124.5333	74.0948
118.8049	79.3924
121.4360	78.0602
121.2589	70.0913
122.0679	72.5520
119.8516	76.5538
121.1230	79.4552
123.5296	80.4084
120.6989	80.8899
121.4280	82.1929
121.8786	68.9085
122.6342	66.5088
122.7322	67.5462
118.6735	63.1498
120.7411	72.0527
121.1918	64.1836
119.2807	63.3245
121.0447	63.0428
119.9058	60.3097
122.6687	67.1453
115.5307	56.2945
119.3586	66.1244
118.6612	74.4654
119.4506	67.6117
113.9993	65.5421
118.4588	71.7441
115.9006	66.6194
116.0883	61.4186
118.3341	67.1350
113.8435	74.2003
115.1696	60.0024
118.2250	64.4800
120.0247	63.6165
122.0407	67.4096
116.9026	68.8533
116.6356	68.8532
114.2728	64.9166
117.2162	62.1801
115.0410	66.2515
114.4187	62.8225
114.1622	61.3000
117.1801	66.8838
120.2415	75.8426
117.8335	71.8920
114.3432	66.5514
113.1659	68.2549
116.0224	61.6879
118.3090	63.4303
115.8548	65.1253
115.0349	67.1187
111.4873	65.2148
115.1934	65.0465
112.4269	65.1138
115.0140	72.4685
111.1920	67.4753
114.7829	61.2942
113.3787	69.6232
115.3575	70.8563
115.7367	69.2666
116.2617	69.9758
116.9555	66.6450
114.3269	72.7702
114.7646	66.9122
110.5816	68.2345
113.0018	71.2748
113.3804	69.2446
112.6243	61.9205
116.6028	73.7730
114.1783	65.2103
112.7545	69.0863
112.4246	67.6179
117.7582	70.9471
113.8982	71.3370
114.6952	71.9119
113.8784	62.5106
116.3668	68.0290
113.9712	69.4227
113.6987	66.9307
112.6112	65.9272
112.3415	68.6740
112.3135	64.3479
110.0389	67.8905
112.9576	69.2472
114.7506	70.2849
110.1973	78.9788
111.5352	74.8361
112.3965	65.8899
113.8318	67.9847
116.9673	71.8419
115.6687	71.9509
116.1110	68.4977
112.9103	75.4727
113.9583	70.0303
113.6207	65.5432
114.6898	73.5150
113.5693	67.3745
113.3436	68.0720
114.4604	71.3805
114.4280	70.6812
115.0030	66.6802
116.0315	62.7517
113.0510	61.2378
111.1172	55.2780
110.9292	63.9107
111.8233	59.2574
110.0196	59.0778
109.9484	56.8410
108.6723	51.7827
108.9244	54.7744
111.2753	57.4187
110.5627	61.1622
109.1264	59.6682
110.0061	62.2120
110.7732	57.7936
112.4635	55.4380
112.5993	57.0426
112.6116	58.5824
111.2045	59.8733
109.6409	58.2207
110.6735	54.9263
112.1644	56.0911
113.4728	57.7563
108.1150	57.2629
109.1373	55.1469
107.1523	48.1400
110.1178	63.2412
113.6422	52.0414
111.8105	50.3978
111.9326	54.7750
112.0570	49.6401
112.1654	52.2078
109.7732	49.3047
111.7516	54.6856
110.3073	45.7390
108.8954	48.3460
109.3553	49.1002
111.7418	53.4461
109.9796	47.8961
109.5002	51.7735
108.7514	54.2225
108.5224	49.6016
108.0678	47.5761
107.4672	45.7992
104.7400	47.6021
105.2196	47.0725
109.1463	52.8678
109.9414	55.0753
114.0689	51.0158
113.1781	54.5392
111.5834	53.7097
115.4257	51.7807
112.1660	59.5811
110.8468	57.5467
108.8764	54.1133
110.7350	57.0117
109.5573	60.3609
112.4819	56.2987
109.0385	56.2156
113.2277	55.7921
110.2649	54.8795
110.6095	55.0639
110.1877	55.4407
107.3911	54.4718
112.3544	55.6935
111.3005	59.3781
108.5151	50.1072
109.3005	53.8799
109.2498	55.3708
110.9040	57.8791
110.8886	50.4075
111.7914	48.7504
114.9856	56.8739
112.5311	63.5983
112.1934	63.8001
109.8779	55.7411
110.0818	53.3097
106.4974	57.2003
110.6126	53.0363
110.3113	56.8110
112.4023	57.5762
115.6350	54.6855
109.6184	59.0722
108.7742	49.5964
108.2193	54.8383
108.8233	56.7476
113.0896	57.9733
109.0517	54.1936
114.7294	54.4457
112.2764	56.3787
110.0386	49.7244
112.2532	54.7166
113.2605	54.0009
111.1055	58.2011
112.3969	60.9605
114.2350	55.7154
110.8642	56.3143
113.1128	60.8437
113.3152	60.0515
113.0099	60.7994
111.3363	56.8669
111.8228	50.1934
113.7621	49.4736
112.6243	57.6497
113.3138	52.4758
114.7215	52.1413
112.1893	53.9287
111.5325	57.7048
109.9690	55.7564
108.8220	54.7523
105.9277	53.7495
108.1767	55.8177
113.9794	55.7561
108.0231	48.4408
109.2993	54.4230
113.2600	56.8518
110.7850	53.5866
109.9486	54.7876
108.7457	57.4473
112.1000	47.2309
110.2233	52.2942
113.2750	53.4211
111.5540	56.9960
106.9446	54.7313
109.0374	59.0691
111.8260	54.7786
113.4524	52.3933
116.6304	54.1375
111.0657	55.2736
111.0757	52.0252
113.1963	54.8327
115.0647	48.8334
110.1002	55.6002
108.8465	54.3273
107.8971	51.6042
111.3884	56.3996
111.8469	55.0239
111.5195	56.0664
115.2859	52.9572
111.6848	51.5101
111.9965	52.1658
108.8541	49.9079
111.7081	47.7806
110.4331	49.2238
112.3558	43.9392
115.4614	42.0488
110.8714	49.1349
112.7795	41.8683
113.7494	49.9785
113.8191	54.0497
113.9060	53.1992
114.9219	58.9958
113.1426	57.9644
112.8220	56.6388
112.1900	46.0163
114.5200	57.1277
111.7819	56.4582
119.0457	60.2537
113.7179	53.6183
110.2316	55.1653
109.9270	57.3376
116.7356	55.2933
113.7153	57.4652
111.8681	59.6461
109.8483	49.0612
111.4797	56.9734
115.7718	52.0388
117.6731	58.5316
113.4616	60.2904
113.9814	53.1627
114.1276	49.9838
112.2080	50.0612
110.7283	52.9300
111.0185	53.4253
108.2339	49.6229
113.1816	53.9834
112.9345	49.8806
110.0750	47.9900
112.4167	50.4732
111.9874	45.3933
114.5858	49.0628
113.2645	49.3083
111.6021	49.2145
109.4808	51.3255
111.3100	53.8314
111.7573	48.6310
110.8108	52.9812
109.7086	51.5432
110.4698	52.1851
112.2652	50.2456
110.7774	53.5012
109.7271	54.1780
108.5084	49.6599
111.4861	53.3659
110.0075	50.8115
112.4389	55.4164
115.0185	56.5177
117.5747	67.3849
119.9418	63.0879
113.6381	56.5454
112.3253	56.8513
112.4571	54.5393
112.9624	54.1259
110.6020	47.7072
114.4394	58.0752
112.9407	59.1110
111.8591	56.7390
111.4035	57.3373
110.4369	53.0576
112.5500	49.2342
112.5028	56.0599
115.4555	54.4540
112.9833	55.3438
111.7770	58.5776
109.9886	52.1475
109.5628	53.2623
112.8824	56.3480
111.6884	50.9790
114.6230	55.0777
110.9593	56.1817
112.6249	57.8109
111.9242	53.2251
112.8638	54.8479
111.7835	49.2257
111.5477	57.0708
111.7313	48.3581
108.0806	52.0827
110.1826	54.6276
110.7224	61.0148
113.1479	61.8740
111.3705	56.3978
113.7037	59.5359
111.9155	52.7166
114.9623	54.1348
113.8064	56.8857
115.5193	54.0513
115.1209	57.0870
113.3121	56.6347
114.1120	53.8410
113.1452	46.5943
112.7812	47.6937
112.8597	48.1548
117.0648	55.0824
117.2494	55.3759
113.7845	60.6109
112.1237	55.4005
110.1035	59.0670
110.0544	51.5331
110.2715	52.9752
110.1827	53.4223
110.6488	49.6485
110.6069	59.3991
109.2535	59.1037
109.4618	53.7584
112.0321	55.1268
107.4367	58.7688
109.2075	52.1841
109.7914	57.5831
108.0715	54.1826
109.7609	55.4912
111.0188	51.6900
110.9898	55.2410
110.8825	54.1848
111.3484	54.7397
110.5777	54.5638
114.5326	53.2306
112.4066	52.6841
117.4414	55.2045
117.8229	58.1246
117.5362	65.5408
117.3307	53.5392
113.7986	55.4562
110.5722	51.2587
117.4305	58.7431
112.7412	51.1158
111.8655	52.8494
112.8365	53.3960
113.3251	50.4039
116.4165	52.5529
115.3320	63.7644
114.4155	49.3358
113.9378	45.5839
109.5324	45.2546
111.5880	39.3742
114.3511	48.1675
114.7980	53.9242
117.0455	55.6115
113.2539	46.7143
115.5898	46.3029
117.8884	52.4197
119.1651	59.8689
116.4037	57.8109
117.7807	54.0691
113.8726	42.7657
112.1230	54.3911
113.0910	50.0431
111.7326	48.9455
113.0911	50.1811
112.4402	49.3795
116.4760	52.3227
112.8862	51.5032
112.7175	53.0429
114.0554	51.4657
114.1206	46.7818
110.8033	46.8355
111.7384	47.7200
113.3137	47.7705
110.8147	51.7911
112.1579	50.3449
110.7281	49.4169
112.1778	55.0094
112.5009	45.4634
108.6782	42.7906
112.0749	45.9909
107.6329	43.9167
109.4373	44.0611
110.3830	46.0458
109.3242	41.9592
111.1328	41.8192
111.1250	43.0426
108.7760	42.6363
109.2896	44.1002
110.1569	44.2221
110.3414	48.1031
107.7296	46.0208
111.3509	43.9483
110.9686	42.5490
107.0524	40.7147
110.0039	37.6926
109.7931	40.2067
109.3407	41.2081
108.5327	38.7717
110.6915	38.2048
112.7924	42.2882
111.2570	42.8205
111.6122	42.8183
109.4847	48.2620
110.1705	43.7714
111.1716	42.5572
111.5713	44.4534
107.3628	49.1497
110.3831	49.0451
112.3535	51.9479
111.6135	50.0668
113.5757	51.0701
117.1197	62.0114
114.6649	61.4326
116.6964	52.4952
115.4874	51.7634
114.0377	52.9767
113.3587	69.3541
111.2468	68.5354
109.0626	71.2188
109.6584	64.9044
109.9260	62.9868
112.4380	62.4334
114.8195	65.4957
111.6041	60.4589
111.2588	62.8590
111.9241	62.3798
113.9720	60.6370
110.6445	54.3946
107.1014	59.3375
109.5281	59.4222
109.7687	65.2370
109.2936	60.3277
108.9440	63.7332
109.1516	63.7877
110.3930	71.3910
109.6085	62.7730
111.2870	63.7849
110.7932	64.0824
112.0154	66.4209
107.0805	64.5827
111.2568	63.8308
113.3115	64.5730
111.9691	61.7469
109.9143	61.4403
114.6068	67.5946
111.6860	63.4809
112.4135	58.8385
111.3309	57.8936
114.1058	64.6524
116.9966	70.3088
113.1755	72.6726
116.0726	75.1151
113.4888	72.7748
117.2381	65.4025
111.7262	58.1239
115.4809	66.7326
110.4783	61.0465
112.0921	61.5239
111.3098	64.6835
111.4847	69.8758
114.2577	65.8855
109.9025	70.5990
111.0411	58.9312
112.0275	63.8949
111.7123	65.2945
111.5372	72.6624
112.6875	64.0961
113.1203	64.1573
113.7096	68.3746
114.1142	75.1777
113.9329	69.1443
114.7582	75.4096
111.8249	65.6153
110.7973	67.8275
110.1452	66.8342
110.0167	63.0334
111.1740	62.8027
107.5051	65.1621
111.1541	60.3347
108.9466	59.6155
109.9817	66.3799
111.9127	60.5247
108.6561	61.1770
110.8632	61.3893
111.5760	63.1403
108.1454	63.5284
110.8601	62.8031
110.6381	60.6250
108.0583	60.4280
109.6081	63.5810
108.8057	58.2437
110.3585	66.0715
108.3176	67.9570
111.8036	68.3178
111.2180	64.5271
111.6921	68.8086
111.1638	70.5301
111.4471	62.5533
111.3452	63.4266
110.6516	71.9677
107.2941	66.3450
108.6359	61.3994
111.1662	63.5647
112.4282	63.7308
111.7828	59.8335
109.2142	64.8606
110.9788	66.2778
107.9747	64.5367
106.9844	63.6465
112.6204	77.4572
110.1403	61.9428
108.2636	67.2240
111.4994	72.1138
110.3988	73.0889
109.3957	75.1895
106.4981	67.3100
106.8177	65.2851
111.4299	69.3954
108.5838	72.9225
106.1530	70.5465
109.6204	75.0638
109.0420	72.2169
108.1190	68.0474
108.5776	70.4294
106.1134	63.2855
108.9457	71.7739
107.8050	63.0605
106.3476	67.5363
110.6831	62.8231
109.1825	67.4438
105.2799	58.6293
108.5219	60.4445
107.0218	63.8550
108.9444	64.5601
106.9534	64.5901
107.3257	63.7595
104.6964	65.2241
103.7162	65.5566
110.8908	64.0554
108.8732	68.4661
104.2231	62.1263
106.6296	62.3582
112.2779	71.3536
105.0283	69.7276
102.9895	64.7678
103.3403	63.6628
104.3599	60.5547
104.9209	70.0798
101.8948	65.4557
103.7622	64.0061
107.6409	68.5599
103.5319	64.5331
102.2814	64.9078
107.0560	65.2492
105.3835	65.1201
102.6767	63.9491
102.9606	64.9268
105.3043	66.5814
105.8799	60.9259
104.1900	63.5282
103.2697	59.5715
107.3816	63.3214
103.5154	60.1502
106.6620	62.2529
107.6099	70.3088
101.9188	62.8164
106.5292	64.1470
103.3119	59.2024
103.4565	62.8610
104.7496	62.8994
103.6411	63.4240
104.9801	58.7726
104.7169	63.9152
105.8149	64.8125
105.4287	65.1372
106.9650	59.7686
107.1311	60.5158
106.5332	64.5043
108.5771	67.4726
109.3733	62.3039
109.9655	66.5467
110.0287	65.2021
107.3258	77.3023
107.6100	68.1202
106.4343	68.0240
105.1114	65.7267
106.9257	60.4801
104.8308	58.9660
107.4855	61.9364
102.7223	56.0143
103.8776	57.8775
104.9686	66.5653
109.4781	59.6584
105.1403	59.1866
106.1977	60.2280
107.7338	63.8821
107.4412	54.1386
102.9655	57.0474
98.4034	56.6297
99.7791	63.7790
100.1799	61.3460
101.2448	60.1778
101.5026	62.2016
101.2157	62.4069
100.8782	60.9685
100.1995	64.4954
100.9387	64.1936
103.1931	64.9627
105.0689	70.3121
105.0393	63.3919
102.5795	61.9940
103.0894	57.3756
102.2080	63.6846
101.7043	60.8393
103.4737	64.7625
103.3425	60.1888
104.1180	63.1186
103.8917	68.3680
103.0064	67.7134
102.8624	69.9664
102.5797	66.3189
103.0020	62.9269
101.9711	64.8249
104.5904	63.3758
102.9821	66.7966
101.5737	67.7437
101.6537	67.6939
102.3613	61.4856
98.9669	59.8702
97.3700	60.4176
99.1942	65.7629
103.4844	62.9881
101.7074	61.0696
103.2398	58.4762
102.8157	61.3033
103.2392	58.8286
103.0136	60.3733
100.5469	61.4229
103.6703	64.6430
106.0626	62.7261
109.0550	64.5544
111.0627	65.4976
109.9549	63.2884
107.9930	58.2470
108.2062	54.9616
107.8428	58.8733
105.9190	59.7951
103.0844	65.4376
103.4233	58.1754
108.9238	64.3912
103.2702	59.9604
111.4537	60.7507
110.7185	60.2032
111.8849	59.6134
113.3487	62.2471
111.6176	59.5301
115.3669	53.5299
118.3081	69.7326
115.9722	73.5953
111.2273	73.1428
111.8279	79.4702
107.7222	72.7296
107.1723	66.7207
109.1554	59.3126
107.1443	61.0772
108.2346	64.7348
106.9984	62.3845
109.6627	62.2619
106.5914	61.0617
110.5617	61.6437
109.9165	65.4266
111.9885	67.9821
105.4264	65.8771
107.2441	69.6918
105.7594	68.2466
108.8470	65.0308
108.0960	66.2841
107.2321	62.6611
107.9559	66.1748
108.4779	63.2374
109.5748	63.5981
106.9193	65.1740
108.0681	62.0877
108.2140	62.8594
110.6194	66.4958
108.1512	70.7506
107.3850	74.1685
110.7430	68.0011
110.2282	72.6993
111.0875	66.6557
108.4862	59.3757
109.1512	55.1297
104.5466	51.6127
105.5373	54.4656
104.1697	56.9333
104.9705	54.1872
102.3531	55.0463
99.8119	54.9258
103.1518	51.8249
103.4612	53.9374
107.9605	59.1701
110.0969	57.4621
107.5424	60.0693
107.7913	61.6318
110.6317	62.9010
110.8088	62.8413
106.9063	61.0086
101.9532	59.4465
101.8537	56.5843
104.8128	48.9710
102.0437	62.2745
102.8891	62.2062
105.0165	60.3129
103.3635	61.8338
101.4028	62.3745
101.9317	62.0004
102.1724	57.1502
99.3284	54.4939
100.5738	55.2944
101.9905	57.4842
106.8215	53.0317
102.9935	51.4522
104.6255	51.6393
105.2359	52.3308
103.8965	50.1455
102.8757	55.7991
101.4661	53.9304
100.0858	55.6242
104.3431	52.2432
104.1178	51.7773
102.2547	51.4097
105.5284	49.6410
104.9038	56.2617
104.7651	55.0352
102.3776	54.8634
102.4176	51.7096
104.9351	53.2699
101.4187	50.2325
103.2547	55.6731
101.8409	57.8137
102.2819	54.0520
102.2667	53.1079
103.2760	52.1440
106.1474	52.0727
99.5688	57.7675
104.3708	54.6537
101.4090	53.3781
103.3460	53.1263
103.8163	52.4476
100.6158	58.0756
102.9509	53.5766
102.5257	50.6493
104.9965	57.6561
102.8216	53.6583
99.5461	55.1214
101.2163	46.4178
100.9150	59.6445
98.7968	57.9632
99.8896	55.9928
98.9504	57.5607
100.0680	55.3214
97.3329	61.9561
98.7177	58.1553
101.1552	56.8407
99.3269	54.8605
102.6867	54.0697
99.5156	54.1434
100.7440	53.9793
98.7311	50.0825
102.1436	53.8338
100.8457	59.3274
99.2976	53.5342
99.5581	53.4990
99.9369	57.6086
100.3527	57.5342
102.8984	55.3480
103.5722	59.2459
103.8600	51.2796
105.4319	53.0316
104.1093	58.3863
102.3577	55.8097
100.5504	58.1282
103.3829	52.1598
102.7099	57.6807
105.9946	54.6461
107.9568	57.7757
104.8722	60.4580
99.9574	54.9465
102.7377	60.8377
106.8989	57.9648
104.6833	61.6588
106.2986	60.7764
103.3137	64.2799
105.9327	67.3862
110.9917	72.0861
110.8298	67.0230
109.7136	66.3428
112.5787	69.8715
109.7835	69.3339
109.6583	68.9044
109.8002	67.9911
106.6239	63.1864
106.8843	65.3658
109.9177	71.3696
108.5433	68.3032
113.0666	70.5095
108.8604	72.5021
109.4626	78.1533
111.6926	78.8019
111.2203	81.8196
109.1252	76.4996
111.1743	70.4980
110.9006	72.3088
108.0276	71.0958
106.6493	68.6924
107.1827	68.7362
103.9428	65.0752
104.6451	64.3442
103.9336	59.5780
102.8733	51.8498
105.4351	58.8108
107.8799	57.8667
107.6589	58.5206
106.9315	53.8311
106.8499	57.9288
109.1409	59.4898
105.1213	57.3066
103.0371	55.5445
102.0762	58.1375
106.2543	56.1441
107.7489	58.9341
105.4867	60.9959
112.1380	56.9048
112.5893	59.1503
108.5980	63.9180
107.0598	58.8405
108.9226	72.3646
106.8446	69.5528
109.2799	62.0530
109.8922	60.8569
105.3250	63.3629
102.5941	55.5281
107.1509	59.5965
107.6589	61.5332
108.9258	66.5077
107.9996	69.7893
104.9076	66.0847
104.3116	63.8398
102.3214	55.7129
102.2084	55.3726
106.0808	53.9410
104.9325	54.4541
105.0645	56.7773
103.3023	55.7605
104.3178	54.8663
105.1342	55.8111
102.5383	57.5663
103.1369	61.1875
104.3367	57.5624
103.1417	54.8476
103.7151	60.2322
103.9451	59.9575
103.7663	62.2927
102.9322	61.6403
105.4849	57.6216
104.7848	58.2918
107.0296	62.5717
106.5522	60.0417
106.2232	65.1045
105.7499	66.3124
111.2004	67.7015
110.6850	61.9471
114.5351	66.1669
112.5232	69.7019
118.6608	75.7142
116.7014	72.5753
118.9511	73.1269
119.0522	68.2840
116.2549	75.5937
118.6278	73.1264
115.3038	62.5352
119.5264	70.3059
117.6152	74.5969
116.5590	77.2502
114.8388	77.0212
115.2365	84.3615
115.9026	79.0302
112.7418	72.2394
114.2328	68.5649
115.7672	73.3245
115.5052	81.4792
119.5803	82.2430
115.4474	84.7634
114.1728	75.1597
113.3358	75.6411
118.7057	82.2010
122.3009	84.0682
120.0802	82.4088
115.7719	82.7180
113.7652	71.7174
116.9504	78.2937
117.8539	85.8464
118.7744	78.8486
119.4728	71.0910
118.6959	74.9123
119.5980	76.9262
117.8834	72.0407
115.9503	72.0245
118.5189	76.7375
115.0926	81.1550
111.6314	71.4815
113.5161	67.5435
115.5087	72.1038
114.7068	74.4646
117.0643	70.4711
114.1919	66.8080
114.5383	66.2243
116.3796	73.1835
119.1731	69.9464
118.0792	80.0895
117.9424	77.2027
118.6893	75.6406
115.6037	77.4715
116.6706	68.8551
117.0992	69.3959
113.8854	62.9936
112.3923	63.9282
114.9753	72.3738
114.7854	74.4478
116.5365	75.7732
116.9843	76.8074
116.4967	75.1535
117.2181	79.7231
116.7653	68.1357
115.9856	71.4254
117.2070	72.7108
117.8058	83.3879
116.3738	78.4308
117.5064	76.8757
116.1317	85.3610
115.5213	76.3206
116.0589	78.9389
119.6060	77.2129
117.4444	78.1197
116.8356	70.7841
118.7998	69.1881
113.3176	72.9697
119.4089	82.6710
118.1802	90.4078
118.7084	79.4524
116.0594	78.6793
115.8975	82.7591
114.6800	82.4058
113.6546	75.5501
117.0757	72.3996
114.6026	73.1423
116.9959	71.4678
117.0418	73.8747
117.2699	76.2694
115.3537	74.8567
116.3121	79.4292
116.7853	80.0720
116.6524	77.8665
115.3468	85.8272
114.0203	77.9468
118.7974	80.2580
117.6091	76.7683
119.9675	85.1986
120.7681	92.2668
120.1264	87.1347
117.9956	89.5013
120.8111	82.5432
120.2599	72.5884
118.1625	82.4489
116.3627	78.6596
115.9201	77.6112
116.9675	80.6495
120.1840	70.6861
117.1250	68.9463
113.4953	72.3846
115.6274	77.6517
120.4312	72.7401
118.9310	80.6430
120.3924	84.9327
118.4840	83.7607
118.1995	77.0224
119.1954	82.1256
120.1523	76.6615
120.4938	68.6099
121.6466	65.9335
122.8996	77.3008
123.1440	69.9417
121.4436	71.6102
120.6789	77.5663
120.4721	76.2902
118.1548	78.2465
122.4489	73.5083
119.6733	67.9159
114.4831	72.8144
115.3285	76.8976
118.6954	72.3149
115.5929	70.3203
116.1636	64.1088
121.3272	71.8688
120.3512	78.8553
119.5529	77.8269
122.4028	73.8892
120.6497	76.3236
119.6357	75.3639
118.7159	65.8311
114.9921	79.0909
118.7518	72.2256
118.2344	77.6298
117.9703	65.9508
115.5410	67.3752
115.8906	65.2053
115.0164	67.3035
115.3366	66.5315
114.6042	69.7063
117.7981	73.1215
111.8939	65.8338
113.0207	70.0860
114.5135	66.4933
114.9884	69.0256
113.6104	68.2316
113.7323	66.8964
116.8724	60.6719
113.9304	67.3818
115.4214	76.1601
115.5427	66.3189
115.6496	67.8752
112.2713	67.7089
116.0013	69.8544
114.5306	71.8277
115.3559	70.4765
116.5085	69.8597
112.9942	75.7555
117.3753	71.4257
112.9803	69.9329
114.0909	73.5824
112.6623	71.1060
117.0451	75.1126
115.4303	67.6194
115.9545	69.7942
114.4643	72.6640
113.9909	74.1636
115.7327	78.6096
116.5766	70.1860
117.2485	70.2839
114.5397	76.2569
117.0700	75.2454
118.4927	72.5330
113.2294	70.9971
117.9112	70.7032
117.6018	65.3465
118.3139	69.2390
115.5677	75.9134
113.1134	76.3010
116.9117	75.6702
114.2406	73.8953
113.5154	75.8065
113.4946	72.1510
116.3813	70.0525
114.9505	67.1227
115.6750	68.2747
115.3931	71.0707
116.7151	72.2718
113.9362	64.4973
114.9150	70.3178
116.5635	72.7896
117.0688	75.2944
115.5376	77.2658
117.6579	71.5586
118.3795	75.6649
115.8221	72.8542
113.3348	72.2764
114.7854	68.6544
115.5941	71.7554
119.3940	72.9564
121.5609	78.1817
117.8305	76.6058
118.5651	73.8984
116.3106	72.0737
116.7594	71.8783
116.0748	69.1187
118.7063	72.8045
122.7647	66.8682
121.0453	72.2242
121.1246	75.3337
118.3063	71.6562
119.9703	71.8893
120.2191	74.0484
120.7643	79.2759
116.9537	71.8507
116.0445	66.0637
118.4049	70.9274
117.9950	66.3934
114.9943	64.7653
113.9948	66.7012
118.2888	70.1874
115.0948	64.9330
114.2386	74.0363
112.9666	75.7979
116.5823	67.9748
116.4782	74.6343
115.4336	71.5171
114.2623	67.9057
118.8878	65.5243
115.9870	73.3945
117.7827	67.6505
116.8257	68.6468
115.8208	71.9153
119.1457	72.7696
117.8323	70.7498
114.7990	74.1483
117.1610	74.9697
117.8684	74.8994
114.2870	71.6520
113.2953	67.3102
115.6014	75.5313
116.7066	72.5725
116.3678	70.9270
117.6011	80.4428
120.8891	70.1314
113.7528	74.4501
118.1090	65.6114
112.5179	66.5306
117.5693	65.2515
116.2357	67.6977
115.9791	61.5933
118.7974	65.8917
118.1733	65.2206
116.3831	66.8568
114.9274	70.3258
114.3700	66.5967
114.4217	69.8397
113.4703	74.7970
113.1979	73.2254
113.8290	69.4982
113.5614	69.2626
112.6768	66.7675
113.8571	69.1061
114.6718	73.9651
118.8162	69.9683
112.8996	65.7233
113.7122	65.2745
115.5341	66.2602
116.5195	76.5737
114.8487	69.3575
114.0283	77.0471
111.6317	75.6741
109.8064	76.8207
114.6184	72.0742
115.0517	68.5994
117.5912	78.8480
112.1727	73.0581
112.6847	68.5592
113.6050	77.1037
115.4197	72.2116
112.8352	68.9368
114.5022	68.0682
111.7370	71.4070
112.0058	72.1199
111.4353	67.2434
112.3647	71.0516
113.5308	70.5112
109.4589	74.1468
110.9592	72.1609
112.2890	74.7895
116.9998	80.2047
113.6819	73.0712
114.3494	66.4003
113.8464	66.2509
112.7265	62.9251
114.3323	65.4637
113.2856	70.7880
116.6174	62.7024
114.7887	59.3569
113.3174	56.8710
114.2719	66.8144
117.1144	65.4815
113.4405	67.7283
116.6503	71.9233
114.3037	69.7674
112.4999	70.3796
113.3255	74.1896
115.6712	80.3570
114.8137	83.8721
114.6071	76.2352
113.1824	78.0171
113.9001	81.0555
113.4000	88.3917
114.5329	76.8054
114.4425	79.5840
113.4125	77.8795
111.7219	80.6574
113.4004	85.0038
116.1596	76.3042
111.4911	72.9394
112.9269	75.6250
113.8432	87.5572
113.3355	83.2544
113.8371	83.7147
111.3301	84.9873
111.5172	88.6982
112.4947	91.4238
111.4520	90.1074
109.3484	80.4457
114.3870	83.1179
113.9551	75.9814
112.2751	79.7357
111.2511	81.4082
109.0412	75.9618
109.9716	77.5188
109.5048	82.6898
111.1476	82.9687
113.6345	72.6186
111.6949	80.9247
112.7901	79.8161
114.2983	83.8094
112.8052	71.3802
113.9744	71.6302
112.6856	76.4927
110.1614	69.6669
111.9446	63.1657
112.6937	69.3131
112.7459	67.2013
115.7165	75.4267
115.2403	75.6541
115.1717	61.8422
115.9742	67.2402
112.9082	69.4511
114.1301	81.0559
115.1117	78.4477
114.2840	74.5625
113.5637	72.2210
108.6139	72.5553
109.6098	71.8374
108.2815	73.7531
110.1579	70.8595
106.9449	70.7969
105.5780	71.8199
106.0077	70.7341
105.8547	71.4804
105.9955	70.8568
105.9423	73.2260
107.0360	74.0037
106.7043	70.7626
107.4451	75.8727
109.2603	70.6061
108.1333	69.8863
109.3587	65.9829
114.7813	75.7570
108.9249	72.5238
108.7571	74.8280
106.0871	74.5845
109.8867	65.5360
108.5977	73.4725
107.1729	70.6088
103.7252	63.7410
104.7694	63.5178
101.7549	66.2749
106.9033	70.4210
106.1695	64.3787
106.7735	58.4038
102.2978	70.5056
105.6024	65.8613
101.0764	60.5643
103.3759	57.1553
102.5355	65.3440
101.7956	61.6413
104.1296	61.4303
101.6103	64.3879
104.4228	60.4281
103.8287	65.4492
101.9527	68.2823
105.4638	67.9738
104.7355	69.2440
104.5877	65.6652
104.6904	73.0971
107.0894	72.7744
104.6203	68.4217
105.5925	69.6496
107.7493	67.2936
106.1607	66.9988
105.2876	70.0111
103.0994	71.6271
104.4106	79.5650
103.3425	75.4455
100.1423	73.7082
103.3000	73.0775
103.8033	75.2592
105.8156	78.0979
106.0205	77.1586
107.1402	76.8402
109.5853	82.8919
107.0451	75.4173
109.0181	76.6747
105.5799	70.5382
106.3922	71.3809
101.2001	71.2851
104.4560	67.4038
108.2071	68.1084
105.5687	73.1917
106.5157	75.9392
106.6462	75.6361
105.8036	70.1124
107.5131	77.7393
109.7850	77.7847
108.8438	75.8794
107.9128	78.4534
113.2346	84.7370
115.1185	74.0610
111.6817	86.0526
112.6027	84.5760
111.8448	79.4257
112.3609	81.5719
115.6349	77.4258
113.5658	76.5015
115.2534	75.7244
113.0350	76.3344
110.4968	76.2081
109.4764	75.3051
108.8929	77.4624
107.7594	78.0813
109.7422	81.4732
110.4113	80.9550
109.2245	83.9426
111.6459	82.7893
109.6855	82.0749
107.4200	79.6499
110.4626	67.7110
108.8601	73.6901
108.0551	73.0231
111.6617	75.7858
110.6151	69.3082
107.2683	67.4808
108.5067	63.5894
109.8484	73.7343
108.1932	72.0055
106.5132	69.1318
106.8074	71.1097
105.8181	77.8032
106.9680	69.2918
106.3704	76.1887
107.8718	73.2267
107.1199	77.9808
108.2846	74.2668
109.4128	72.7948
110.3044	73.8412
112.9575	73.3075
110.9072	72.6078
112.2208	81.0369
114.4381	80.5575
111.2330	77.2006
110.1721	78.6884
114.1435	75.8354
116.7610	85.0549
115.5002	78.8596
116.0972	80.8146
114.1602	79.6540
114.9656	83.1038
114.5776	78.8753
114.7988	83.1137
114.7979	82.6887
117.0531	76.4409
115.6962	74.7452
110.9506	72.4336
113.9210	69.0660
116.5862	71.0179
116.0429	71.6526
116.7179	67.9395
114.3508	66.0024
113.2246	65.6270
114.2337	62.5561
112.1059	59.1657
115.2376	64.3097
112.7753	67.4895
114.8574	66.6714
113.2073	64.8078
112.0301	63.2682
111.7716	69.6564
114.6052	64.3137
111.1982	68.0930
113.5683	69.0569
117.4346	69.7100
116.2971	68.0748
114.3614	70.1227
113.2535	77.1382
113.1449	82.4607
113.4833	73.8973
113.6090	70.0541
113.5739	74.4485
114.7336	75.8074
115.6674	72.5966
116.2492	74.8743
112.8292	67.9699
118.0068	73.6404
116.7776	71.1946
115.7463	71.4659
116.3064	79.4982
114.8337	71.3159
115.4446	75.6331
115.4145	74.5094
113.1696	77.2112
116.2464	74.2010
115.2623	76.6211
112.8487	80.2098
112.4969	73.7294
113.6534	77.7720
107.9682	68.9151
108.8793	70.0361
108.3298	72.6054
109.6011	72.7407
111.2140	75.4438
109.0301	72.9497
117.7930	67.4167
121.7849	68.0776
119.4035	71.5573
118.0488	70.9116
115.9145	66.0696
120.1244	69.4061
118.0950	61.8718
115.9363	62.9635
116.0218	63.4511
115.5922	63.7196
112.8971	59.8498
114.6134	64.3079
117.8035	65.1681
116.2095	66.1440
116.3920	62.6654
117.3133	63.9098
117.4336	63.1821
119.1270	66.9454
114.4866	63.7141
116.4310	71.4491
117.8778	61.4334
117.0326	54.1643
113.1985	53.0623
113.4826	55.5800
117.3533	51.7427
119.7208	61.4480
119.3007	55.5733
116.5907	58.5158
117.4900	54.2248
118.4384	57.7968
119.8725	53.0956
117.0200	60.1221
117.7007	60.1294
121.5465	62.0199
122.0981	59.4140
121.8899	66.8025
119.3160	63.8266
119.8772	59.3903
116.4648	60.1917
119.3395	63.7805
117.3613	62.2277
116.4309	62.1006
119.0081	64.2448
113.1424	65.2242
120.5228	63.1953
115.4561	67.9369
115.2747	65.4188
116.4742	61.8192
114.6839	59.5706
113.4405	69.7104
116.0753	79.5013
117.8270	75.6411
118.9949	64.7818
118.1703	65.6342
116.7703	72.8680
119.2241	65.5744
116.4352	68.7724
114.9695	70.7489
114.4265	65.5010
115.8850	65.4720
117.1656	65.8498
116.0877	64.5281
115.3494	60.9664
115.4937	70.0363
118.8437	65.1300
119.3301	68.5597
119.5003	69.4647
114.9436	63.3413
117.2457	67.2844
121.1180	70.6704
118.5221	77.4090
119.4203	71.2448
119.1388	69.9378
118.1127	67.5264
115.3314	67.2720
120.0692	70.3573
116.1007	67.7225
114.3590	66.5435
119.9553	69.4146
116.7497	66.5812
119.7215	64.7455
119.8354	69.8640
115.4550	59.0342
117.0522	63.1639
116.0564	60.9130
116.8357	61.5863
114.0799	65.5130
117.2051	62.9900
115.8401	60.2329
116.4387	65.2183
116.8206	65.6180
117.5302	62.5076
120.0785	64.6873
120.0011	69.0957
117.4602	69.2157
117.7456	77.2873
119.7063	73.4180
119.1641	74.6834
118.2609	66.7208
118.2815	68.9487
119.7559	68.5299
119.4389	67.7196
123.0848	73.2006
121.6337	67.1661
121.0575	75.5581
117.6526	73.5947
119.1048	73.7878
117.5889	69.3953
118.1325	74.6423
117.9517	77.1301
118.9491	81.7588
117.7098	74.9983
118.1136	64.8749
120.8084	72.3768
118.2866	67.4869
115.9326	69.5375
119.2063	68.2089
115.5748	64.3393
117.4160	69.0172
117.4053	75.2652
116.1357	68.6420
119.0250	69.0895
115.7257	64.0024
119.5954	61.8982
116.9141	57.4058
114.7353	63.1206
117.0231	62.3956
118.4515	66.5774
114.9027	59.8834
115.2610	66.9428
118.4092	69.6179
116.4062	62.9670
117.0731	69.0876
120.7938	67.4034
119.2628	71.3681
121.8556	76.2551
121.9691	70.8788
121.2509	69.4425
119.7057	71.2618
120.9582	71.5996
118.0786	65.8549
119.4254	66.4418
119.2169	64.5790
119.4624	65.7344
118.7516	66.8624
120.8709	62.8954
115.9064	59.7908
117.8307	60.8515
118.2049	64.1183
116.4519	62.9176
113.1530	60.8368
112.4253	58.0539
113.9383	54.9040
115.7803	66.9950
115.0773	58.0619
114.3831	61.2854
116.6179	58.9100
118.6451	71.9891
115.0803	65.5724
119.9962	66.2342
120.2922	64.6733
120.6269	62.7507
118.3404	66.2068
118.0284	57.6183
118.4072	65.4196
120.8621	65.4657
120.7878	62.8585
120.8187	62.5102
123.3124	68.0735
117.2201	67.9611
119.1460	65.5039
118.3661	63.7241
117.8679	54.6100
116.4841	58.1014
118.9337	62.2338
119.8567	62.0370
122.1587	68.8122
118.8871	65.0665
112.9826	67.9151
117.6194	63.4094
116.2596	58.6108
118.6802	67.5891
115.0600	63.3564
115.0154	62.4425
114.7143	64.7147
118.1732	62.5546
115.0611	66.2112
118.3595	65.0954
115.2463	64.9601
117.9864	65.4902
119.7021	67.8924
117.6529	67.6455
116.7055	67.8095
117.8584	66.6710
115.4411	70.7192
117.8394	72.2283
118.6160	71.0144
117.6188	79.6578
118.3667	80.1954
117.8078	75.0430
115.4691	78.0040
118.6084	66.8704
115.5314	73.9627
117.7532	66.3005
112.6611	65.0143
116.9292	67.8025
117.5502	67.1622
118.4378	65.3497
115.5128	70.2821
120.1913	68.0233
114.1922	65.1125
115.7649	66.4945
120.6893	67.3119
119.7609	74.9156
121.1384	73.6987
119.7785	66.0759
117.3972	66.9599
121.3371	67.8618
120.7710	65.8346
118.6220	66.7507
114.3649	58.1826
116.1113	64.0361
117.5776	64.1750
115.7158	67.1045
112.7935	60.5964
116.0260	58.4744
114.9080	66.8097
118.8505	60.1538
118.3586	62.3243
118.5472	60.6849
113.2766	61.6944
116.2578	69.8257
113.9771	74.2785
117.1202	75.6363
117.2019	71.1998
115.2709	63.7082
113.7740	66.9420
113.7759	71.4900
117.6087	73.0472
120.1648	72.9240
122.2580	79.1376
121.0382	82.4530
118.2160	75.7855
119.5431	70.1065
119.9971	79.3453
118.8786	71.5263
118.9940	67.4330
118.3600	67.4918
119.4166	65.2110
115.9978	63.3145
114.0143	63.2715
118.2682	64.7180
119.2143	67.1464
121.2732	67.1786
117.8939	71.2147
113.4052	66.8324
114.9697	63.5848
117.4126	69.8800
117.6179	68.4989
118.9652	67.9100
116.0224	70.7784
116.5817	69.4882
113.4402	69.2098
113.7858	62.5142
111.7373	69.2016
114.6600	66.5601
114.6234	62.8134
117.1781	67.7214
114.9810	70.3245
119.0195	70.3228
119.4716	72.2148
119.4409	71.9031
118.1540	61.8096
119.3152	76.8682
118.9580	70.7806
119.0531	67.7612
120.1166	71.2430
116.8675	66.9024
116.1773	70.3654
117.6826	68.7786
118.5650	73.4846
124.1716	72.5164
119.3257	70.4074
120.5786	76.1956
120.7960	73.3732
121.7375	68.6729
119.8189	71.9022
119.6929	66.3335
119.1587	69.0589
121.9406	72.3188
117.9940	64.4685
117.3956	63.2042
121.2141	73.2098
121.8486	64.5077
120.7273	73.3515
120.9734	69.1543
120.4890	70.6775
117.2387	69.6990
122.8635	66.8304
119.7616	65.9283
117.5942	68.2513
121.5336	65.0408
120.9143	55.2314
119.3765	61.6990
119.4453	61.9657
114.1002	65.6383
116.9596	65.2431
120.5624	70.8631
120.3406	71.1216
120.5873	65.8095
124.8738	66.6695
118.0008	62.3238
114.0360	59.6072
113.6661	59.3088
112.8852	64.9715
113.4822	63.1529
111.7539	62.6224
111.3623	62.4835
113.2086	59.4136
109.1415	64.9580
115.3051	70.9833
116.7603	63.2207
115.5466	55.9973
109.3416	54.3985
115.2534	61.4818
120.1972	66.4722
118.6660	65.8842
118.2363	63.1176
116.7600	64.0263
118.3523	67.5131
116.6870	65.7528
114.0750	67.5244
118.2102	67.4646
120.2164	65.2998
119.7610	66.8856
118.9146	64.4292
120.1788	66.9560
121.6754	71.7668
117.5222	72.7537
119.7174	70.6391
124.1685	68.1236
120.6160	70.3307
120.7995	71.6005
117.9797	65.0470
116.1006	66.6912
119.5868	65.0859
120.5816	67.1020
120.7084	62.5990
117.1726	67.2278
120.9226	65.6440
119.6238	61.9865
115.0332	57.8055
116.0193	67.4979
117.4167	69.3091
114.4344	67.1970
114.3323	65.8873
114.8760	67.6516
119.8154	65.0399
119.6787	63.4527
118.6549	66.1989
118.4861	67.2932
122.1696	60.0048
117.8584	63.9449
119.5575	72.8382
114.6557	60.5586
114.4451	61.2307
117.2586	67.0925
119.8118	66.4817
123.7024	66.3212
121.3936	73.2002
122.0018	70.9868
122.7881	69.4852
121.4169	65.4051
117.4931	68.6443
117.7142	67.8816
119.2606	66.5797
118.0664	68.4526
121.0197	68.4858
116.8735	63.9817
117.0198	58.4659
116.0707	59.5455
117.7666	67.9913
112.5463	59.7607
115.1568	57.7607
110.5990	65.3229
115.5755	60.2669
117.8011	62.4980
114.4538	62.5256
116.1386	57.4961
119.6899	65.0067
118.5053	70.7089
122.4968	69.7770
117.5238	74.1417
115.1023	72.5326
118.2897	67.9379
121.4666	71.8403
121.6166	76.0120
122.3006	77.1591
123.1185	71.9772
119.3681	67.9863
120.0929	64.5591
116.9175	64.4680
117.5077	62.6849
120.5082	68.3059
116.0344	67.6939
118.0090	59.7899
117.1019	65.4533
116.0836	66.9459
113.6170	68.2691
113.7012	66.7276
115.3860	66.4371
116.0625	67.1225
117.4410	67.4307
118.3927	65.8572
118.4466	72.5201
121.6526	68.5261
118.3253	65.8821
121.8778	75.5514
121.6199	73.9634
119.0885	70.3001
121.2599	79.3789
117.7546	70.3364
118.2269	73.0219
121.1878	75.4361
120.8003	74.3817
118.6054	75.7919
121.9877	77.7312
117.7396	62.9759
115.9392	65.8438
116.6186	65.7907
115.0455	67.7403
115.8292	60.8556
114.2641	65.4542
117.4094	69.7760
119.1626	64.8127
115.4811	62.6679
114.9297	58.5968
115.2968	57.1902
112.7385	59.5445
113.6157	56.0746
115.3560	57.4119
115.2156	56.6560
115.5387	61.0941
113.4648	56.8393
117.8669	62.2183
114.3981	63.2101
118.4050	71.6410
115.9754	74.4044
119.2559	68.7911
120.4502	75.5595
119.5132	66.1040
121.0593	73.7524
122.7478	76.5443
121.1981	74.0420
122.4706	77.9889
118.9224	74.3005
118.6104	68.2339
122.3712	66.3109
122.0069	65.0518
119.5036	73.0673
117.0196	67.2875
119.5834	71.6937
118.8184	68.1769
117.7457	72.6232
120.4958	61.4105
120.1231	61.6677
119.0466	64.1607
121.8203	65.2133
119.9068	67.8458
116.7337	62.2779
119.6715	56.3866
117.3690	67.7663
113.0201	57.1656
114.5846	61.0649
115.6516	57.5525
114.1942	63.3337
115.6267	64.5597
116.7969	58.5043
120.1705	71.1356
121.7565	67.8124
121.3721	66.3834
121.2441	69.4579
121.1502	71.2224
118.2068	67.8533
115.9640	69.2972
115.6729	66.1761
114.4385	62.8108
113.3055	60.5025
111.7318	58.6222
111.9846	61.3096
111.8561	63.2004
114.6730	61.1019
113.3643	73.7176
113.5111	69.1278
113.5783	61.7936
117.1118	64.0932
115.6979	58.3396
114.9167	59.5754
116.6079	62.7888
113.0730	69.8917
109.8818	67.3715
108.6539	57.5050
107.6419	67.6739
109.8235	65.4272
110.2067	67.6410
114.0117	70.2687
109.9912	67.7629
114.9670	66.2979
115.9159	57.7285
115.7821	63.9242
114.1329	61.8387
115.5407	58.1272
111.2856	55.1970
112.3666	63.5009
113.7286	67.0211
114.3324	68.2988
113.0049	64.5741
117.1227	66.0179
119.4428	64.6073
120.3256	66.1844
118.1342	67.7127
120.0555	72.0822
116.1048	64.4997
115.1209	68.3830
116.9815	62.1938
115.8620	61.3067
119.9453	68.9537
121.3039	73.0146
117.7301	67.1700
117.9311	72.5403
120.0601	65.4884
117.6418	68.1191
119.4882	68.8884
124.3260	76.4446
125.1894	71.5538
122.7521	65.5653
122.1539	72.0125
121.4015	78.9088
123.2182	75.6066
122.4913	79.2647
122.3995	71.6600
124.8619	67.5986
123.2784	63.6175
121.4885	67.8334
120.2415	72.7812
118.8106	73.7042
116.4138	69.6415
120.8947	71.1748
122.9300	71.4500
119.6684	65.7529
123.4826	67.8990
121.6198	72.8607
121.9733	66.8571
121.1079	69.4915
119.9544	66.3295
119.6143	70.9848
119.4763	58.7357
120.5128	60.7894
118.7444	68.9572
116.9565	57.8720
120.4358	65.0116
120.5220	69.0370
123.3025	65.7666
121.8751	71.1131
119.6248	66.3007
118.0341	63.3434
114.1076	61.7321
118.7245	63.8284
117.5133	60.1234
118.2024	61.0647
116.3013	66.7319
119.3415	66.6856
119.6874	66.2132
119.3803	63.1769
121.4906	70.5057
123.1849	71.1387
120.1287	69.3347
121.6694	70.1850
119.9450	70.9750
118.7413	70.0464
119.9308	73.5898
121.8272	64.8787
119.4589	72.4753
117.8802	75.2606
120.9027	71.9084
119.2250	71.7232
123.4147	71.6779
120.7800	71.6264
117.1973	66.1111
115.8382	68.3792
112.8274	61.7590
111.8303	64.2663
115.4693	69.1773
113.3314	75.6252
108.3680	67.9137
107.1861	60.5259
103.3410	58.1738
106.4730	62.8519
107.9670	66.0697
105.7719	61.6577
109.1476	63.8711
109.4877	66.4449
114.5990	71.0351
115.8845	65.0321
114.2707	69.2249
112.2704	75.7172
117.2406	75.2496
113.6363	71.4452
115.9151	70.7735
115.6764	63.7193
114.3031	69.0871
109.6734	64.7733
113.7322	63.8797
115.3352	68.8943
113.2079	63.7855
114.8137	66.7383
112.7696	71.0765
115.1584	68.0074
118.0771	76.1722
114.4728	70.2868
112.6690	65.2276
115.1937	67.1767
115.7724	67.6196
113.0827	62.6556
111.8840	72.1390
110.8282	61.3145
113.7316	62.6080
113.3334	69.3755
112.9582	65.5306
112.5100	65.5445
111.4588	63.0650
111.0916	63.1768
112.7760	71.2010
115.4660	66.9694
114.0693	70.6846
116.0597	73.4262
114.6492	73.4799
114.8400	72.5507
113.0230	67.1379
113.5472	68.7014
112.5279	73.4605
111.7806	65.4287
113.3147	69.3309
113.8328	69.0918
114.8562	70.7461
115.7248	67.8787
118.5998	70.5896
114.3634	72.6337
112.7304	69.1176
113.7967	68.2069
112.6319	68.6460
113.4864	72.4212
113.8913	72.8320
113.2040	65.3082
113.3216	68.6581
114.0743	71.8957
114.2642	66.2489
112.5835	66.0275
114.6721	57.5332
111.6712	64.5780
112.5035	68.0906
111.1365	68.2133
116.5171	66.7413
110.5893	69.5861
115.1034	74.3532
117.1411	67.5771
115.0641	71.9990
112.8669	77.9695
118.5196	65.1945
118.6302	70.1082
117.2968	67.5781
119.0886	65.8925
116.8325	65.3285
118.0423	76.7003
120.8692	74.7481
116.6024	65.8280
117.4392	75.6156
118.4128	71.8400
115.1402	71.4723
119.1734	67.0833
115.6320	60.9592
116.7076	55.0667
113.9597	65.9888
113.6331	64.8307
116.4694	71.7609
113.9928	65.6227
108.6930	58.7812
116.0250	71.7049
114.0910	71.6960
116.7296	69.2433
115.5600	69.1057
117.0023	69.1099
119.8360	63.0488
117.0734	67.3797
114.0511	62.4621
115.0720	58.5358
113.2010	63.3759
114.8219	70.3145
113.9516	64.5725
113.5843	71.8393
114.5519	63.2101
111.5848	63.8163
110.2894	64.6722
115.5555	62.5986
116.9474	67.2680
113.3130	60.5130
115.0232	65.9483
117.1478	59.3931
115.4696	61.2870
119.1660	67.7052
119.4596	72.7246
117.0282	67.4896
118.9824	66.8226
119.2183	68.5765
120.6818	72.3566
117.7744	67.4232
116.6520	68.3543
115.8760	64.7114
117.2562	70.9786
116.0624	62.8312
114.0475	68.7829
116.3614	67.3506
113.3921	68.5447
112.8101	74.0013
112.0689	68.7145
110.8717	66.6282
112.0573	67.3580
112.7300	61.6465
115.8583	64.7035
113.9365	62.4938
117.2064	67.4104
120.6670	68.5313
118.9049	68.3274
117.8592	65.7857
116.3205	66.1531
117.7421	65.8177
120.5565	60.7674
116.0577	69.7028
119.1053	71.4894
118.2673	70.1722
117.0101	61.4142
115.5379	63.4730
114.3830	59.1039
115.0563	64.6207
111.7540	53.7455
114.1059	55.2771
113.0936	62.5126
112.8024	69.0703
116.2134	64.7981
112.5239	64.1379
113.5511	66.8915
116.9125	68.4495
115.8047	69.5980
118.1850	69.7481
117.4812	72.9364
118.0786	70.7075
116.8518	61.9570
118.3991	63.2862
116.9301	66.7682
114.3653	66.9136
114.9160	67.8822
115.8890	63.9149
113.1909	64.0416
112.3138	61.8782
110.9248	61.5698
113.5778	65.4637
110.2865	61.6149
110.8456	64.1083
112.7232	58.0849
113.1959	65.3565
110.9241	70.9485
111.5705	59.7765
112.8185	57.5595
112.3486	59.8973
112.5595	63.3608
110.6498	56.1258
112.8872	61.5104
110.5551	61.9801
111.9620	60.3678
114.1005	69.7574
112.8369	66.4266
113.2458	65.5876
111.4522	64.2747
112.6811	69.6843
115.4732	63.4886
114.3143	58.8383
114.3966	63.4164
117.2207	64.6112
119.6998	70.5269
119.9913	73.1827
117.3617	67.7865
117.0902	68.0985
115.9669	65.5442
115.5140	64.5024
119.7890	68.8789
118.1168	65.3147
119.7842	68.7425
122.8510	78.9625
120.4547	75.7625
119.6243	69.8401
116.7740	74.5221
121.6199	72.4673
124.8270	67.4476
118.6537	69.3414
119.4379	60.2896
120.7450	71.1812
117.9050	76.2344
119.5199	65.3988
119.8835	74.4448
120.0296	73.2912
118.0460	73.5669
117.7641	69.2478
118.6388	69.6869
120.0671	69.7660
120.6248	67.2040
119.9111	63.3194
117.6789	74.2592
120.0559	69.2929
118.2814	67.7839
122.5155	70.4878
121.4131	67.2755
119.5924	64.0650
119.8482	69.0602
117.1516	66.1356
115.7468	68.1358
122.0918	71.1338
121.2691	72.4208
121.3779	78.7786
121.2480	75.6803
121.4734	76.7348
120.6017	65.2533
120.6306	74.3848
118.9544	70.0586
114.4004	65.8154
116.9650	61.5572
118.1991	71.5674
118.4939	65.8174
117.5014	72.3001
114.9842	73.3201
112.5048	72.0031
114.2985	71.2373
115.5148	69.5936
114.5649	74.0415
115.6129	69.5948
118.8360	72.7989
113.9007	66.6128
112.5383	68.7407
115.2996	69.3733
119.6660	69.4736
121.0103	60.5035
116.9363	61.2442
118.3721	66.2808
117.3520	62.0944
111.4512	71.2584
116.4128	70.2348
117.0406	68.8335
119.4683	69.3869
118.2741	66.8481
118.8936	75.8811
116.2156	80.8162
118.8559	74.3827
121.3989	71.3595
123.0089	73.4118
123.8859	68.4647
123.3353	66.4287
120.2831	66.7405
121.4652	67.4097
119.8434	68.0694
121.1786	73.2963
119.8438	74.2420
123.1930	73.9811
123.0754	69.3729
119.8794	74.5037
119.8487	70.6941
119.1692	78.0188
119.2524	77.8564
119.7784	81.2200
121.7435	76.9584
119.1716	70.0798
119.5152	77.2388
118.4379	74.7713
120.2083	80.9690
119.1934	85.4704
121.9882	77.0540
119.3352	76.2818
120.4236	78.6608
124.0612	81.2599
120.4635	77.7427
121.7343	80.4222
120.4204	77.2057
121.2297	71.2657
118.8788	78.1251
121.8841	76.6072
118.8966	72.9250
120.4801	70.7742
119.1347	68.7818
116.2127	66.4745
117.4497	69.0733
110.6125	58.4236
111.1678	63.0002
112.6220	61.9349
113.3817	57.3675
112.6868	57.5358
112.1981	60.5939
109.6278	57.7230
114.1225	61.0965
116.6885	65.8815
115.7063	65.8276
118.2311	67.5326
116.1327	60.9978
116.1603	59.0963
116.6994	60.8179
115.2801	60.8161
114.7764	62.5416
113.1720	64.8108
111.9199	61.5700
115.7702	65.4895
114.6297	65.0207
116.2922	66.4961
113.7707	63.8926
115.2475	62.6618
114.1794	57.2532
114.0324	58.6517
111.1654	58.0833
116.7118	65.5037
119.6370	60.6918
122.4032	69.4188
118.1087	67.8545
118.0630	67.0122
119.0335	71.1075
118.6235	67.0401
120.0955	61.8341
117.4129	75.4328
119.5544	70.0915
118.1017	59.0731
120.6772	68.8694
116.3506	61.0525
114.4040	62.9424
110.6338	55.5615
111.2695	56.4383
109.5047	58.5220
111.1455	59.4911
109.3475	60.7425
109.7004	53.9799
109.1540	59.8886
110.6059	64.5467
110.7944	64.6710
107.6049	66.8789
112.0876	62.1844
109.8153	67.4395
111.0587	63.1440
112.0906	67.5517
112.0778	64.8261
113.0927	62.9560
115.0454	65.5651
114.9405	74.0540
113.7002	68.8410
114.3360	66.2703
114.2987	63.4588
115.6450	63.8492
116.5799	67.2356
114.4510	65.8448
112.3146	67.4935
112.2310	64.0889
110.5919	63.2989
112.8034	65.1499
116.7682	68.4304
115.3832	73.3955
113.5232	67.0623
112.3358	68.3512
111.0090	62.5786
110.6723	64.7062
113.9352	67.4033
116.5386	68.2705
116.8544	74.4291
118.4349	71.7432
119.3403	68.3512
117.4687	64.2435
120.0340	70.4002
118.7997	71.1189
119.7666	67.8926
119.2684	62.5233
116.7042	66.8385
119.1625	65.4808
118.1950	75.8585
119.2493	67.2098
116.8056	63.9101
117.3820	68.9980
118.2800	68.8729
115.9898	64.9770
115.5189	62.3404
119.1945	70.2821
118.8267	64.8681
116.1345	64.5277
119.9814	69.5561
120.6277	63.3321
121.5524	63.9498
117.5016	69.6009
117.0842	67.0820
117.1555	68.9035
115.3936	70.9871
112.2683	65.8558
114.7407	63.7647
117.4361	67.7969
116.1066	67.1850
115.6866	67.3505
116.8947	73.6010
114.1142	63.4001
115.6508	78.3281
114.2229	73.4233
117.7287	68.2141
115.2237	69.2033
112.5723	63.5989
114.8098	65.1407
114.1252	69.2512
113.7162	63.1253
112.9912	68.2188
116.2713	76.3790
113.6199	72.5657
113.9310	75.3798
113.0468	68.7535
115.2721	69.3797
114.9708	73.1070
116.2544	72.7200
112.9832	67.2037
114.3608	64.0117
116.1928	70.3375
118.0416	68.8407
119.8831	67.1639
119.5866	66.8087
118.8946	65.3269
111.5029	65.2650
110.6925	64.4241
113.9600	66.9696
115.9012	66.5272
112.0153	64.0581
114.4114	69.3974
116.0164	73.0180
118.6970	76.2563
113.0999	78.8831
116.1829	75.3808
116.5561	80.1216
116.9400	71.8253
115.4223	68.6304
114.5556	72.0567
115.5968	73.9729
115.3197	66.2208
116.7792	70.7159
115.2899	67.5721
116.3921	60.6003
116.9007	61.6370
116.8428	59.9625
117.4003	60.4825
118.0938	56.9950
116.8895	65.2523
120.5330	55.5710
119.1558	63.7272
118.5982	64.9215
120.2865	63.0204
114.3932	63.0030
117.2539	63.3231
115.5769	53.5087
113.0205	59.3920
115.0265	57.4605
116.3468	60.4324
116.7130	63.1916
111.6430	55.8996
111.9034	51.2349
113.1376	50.3503
114.8825	48.8238
116.7974	61.2134
117.7616	64.6403
123.4425	59.7650
126.3652	56.5132
120.9121	60.7139
118.6862	53.2165
120.9782	49.1766
119.0511	48.9895
125.4803	54.1983
125.1264	55.0867
121.7865	62.7914
112.6758	60.4175
113.2661	59.9188
110.6632	61.4560
116.6945	57.2934
113.9959	61.9661
115.5294	60.0428
115.4738	60.5574
117.2217	64.1433
116.7505	61.4801
117.6051	66.0992
114.9525	69.4667
114.8003	69.7356
114.0408	66.5682
118.5438	71.1721
120.4966	71.5818
118.5727	67.9962
116.2422	72.5968
117.9750	66.1480
114.1504	74.1634
114.9101	71.4038
119.4026	70.9226
115.4517	73.1581
114.2474	73.0239
113.8895	71.7654
114.9125	75.3913
116.0712	77.8814
118.5425	73.1705
117.3557	83.8861
118.1141	77.8814
118.4684	76.3859
118.4799	74.0447
117.5098	73.2678
117.1040	72.9330
114.4894	69.6854
115.3722	62.6587
116.7568	66.6544
115.4636	58.8767
116.4607	53.0507
115.2299	56.3502
115.5233	69.4335
118.5698	67.8204
122.5039	69.0294
115.4905	66.7843
118.9502	68.5762
117.9058	64.9846
117.8263	60.2271
117.0591	64.7220
115.4685	62.7053
117.2438	64.4438
114.7436	61.9954
118.3319	61.3523
118.0711	63.9545
117.3068	66.3327
117.9011	63.6175
118.2505	59.0456
115.3888	61.2012
117.6761	59.1755
115.5728	53.2961
115.2175	54.4732
113.1191	50.9027
114.0361	57.0325
117.8165	58.8533
115.2525	57.8251
113.9994	52.3272
116.0686	57.1182
115.4870	58.7689
113.4633	55.0131
118.6396	57.3309
116.4675	55.3427
118.4302	54.3485
116.5093	54.0101
117.3226	56.6843
114.5930	48.7579
114.4245	48.7489
114.2405	50.5904
115.4484	52.3841
113.8197	57.4393
117.6866	52.6717
119.9673	55.9810
116.5009	59.8960
118.4137	64.1444
117.1604	58.2742
119.4442	57.8812
119.2330	59.8783
114.6922	50.6893
114.3500	50.2495
114.0609	58.1420
116.6666	61.1740
115.8566	62.3439
118.9743	66.2630
118.8404	62.3749
120.4158	58.6970
117.6719	58.1004
120.3259	60.3857
117.5650	61.9820
117.5207	56.8452
116.1090	52.5447
113.5629	56.1268
115.5543	57.7999
118.5086	53.5934
119.7418	59.9478
117.1548	56.3336
114.8015	53.5648
113.0750	61.0315
115.2999	52.5165
117.7420	52.1193
115.0086	63.9666
118.6614	61.9612
116.1311	60.1116
118.7841	67.7621
119.1443	71.5796
117.2957	61.6722
120.1565	65.7700
115.5821	62.9081
116.1804	59.4247
115.9095	62.7357
117.1482	66.5210
118.4039	62.8318
117.3959	60.4031
114.1296	63.5514
113.5561	65.1543
113.1231	63.3551
116.0337	53.5683
118.0426	57.7071
115.4998	61.6884
111.6365	61.4605
114.8431	62.0221
114.4827	64.7185
115.5472	62.7443
119.0264	59.9609
114.0587	60.6537
115.5606	56.3971
115.9290	58.2357
113.8981	57.7535
116.5478	60.0993
119.1738	65.8802
117.9343	61.9270
114.5309	64.0607
113.6732	60.0572
118.9149	54.2448
118.2613	60.9822
116.3490	63.8854
115.6732	60.6131
116.9112	66.7350
115.4917	69.7708
114.5040	63.4300
116.4118	60.1981
117.6440	64.2650
114.8591	65.1642
117.3366	65.8160
114.8910	61.0429
115.6417	59.2047
115.2493	58.3993
115.4544	57.5923
113.4770	51.6147
113.0500	45.9907
111.7877	51.5028
112.1399	58.2936
118.2804	58.9751
119.8853	59.7643
116.4878	56.2007
117.0310	52.5143
120.2673	62.9644
120.4912	62.8101
123.6431	60.2313
124.3473	64.0263
122.6696	64.1581
124.0180	67.7282
125.2287	69.6279
123.5769	66.7592
120.7513	55.4065
119.9033	61.7308
120.5588	59.2066
121.5236	65.6459
114.8422	57.5429
116.0920	53.5583
114.6734	54.4980
113.9073	56.5458
115.6262	60.8632
114.0944	64.7486
113.7755	57.4984
109.5746	56.9634
115.4166	55.5459
118.1382	53.9877
117.3734	55.9952
116.8898	61.6538
116.9458	60.5045
118.0210	61.3246
117.4276	59.7629
115.4936	56.6450
116.9602	60.0261
117.4893	62.9109
122.2334	60.1410
120.7022	59.1354
116.6755	59.5066
118.3533	59.8501
119.4779	56.6792
119.6363	63.7373
118.5020	67.9997
116.5729	55.1989
116.0968	61.6405
117.9671	66.3094
119.1244	62.8242
118.3803	60.5424
117.5142	59.0404
115.6282	54.9546
118.2095	57.1670
121.4930	47.5098
117.0651	59.6681
118.8310	60.5121
116.9709	56.9687
118.5098	50.9634
118.0364	53.9442
116.2164	58.5927
118.9181	66.2399
115.4321	57.5604
115.9398	56.1048
116.1031	51.1413
119.2558	53.9495
120.2657	56.9473
123.5611	61.4129
123.8728	58.1345
123.0246	63.0355
118.8236	62.8809
118.7190	63.9745
120.6623	64.4515
119.0946	60.4542
115.1781	60.7539
119.3082	61.1441
119.4852	61.6272
119.1123	55.8837
122.6779	58.0632
122.9221	70.0370
120.0661	68.2928
124.0217	66.1328
120.7972	64.5693
122.5025	69.0153
120.3907	68.3366
121.3597	70.1542
123.9212	67.1667
119.6881	71.9235
119.9469	70.3007
123.8438	73.5787
125.3822	72.3276
120.9440	63.6065
121.0376	69.2701
119.4128	65.4754
123.4652	61.8910
122.1747	74.3609
120.7029	70.2321
122.0442	67.1217
122.9541	68.2635
121.4927	70.5550
126.4283	73.1660
124.0812	79.4162
120.7756	80.6830
124.4037	77.5583
124.8480	76.3506
125.8077	80.1075
124.7964	76.8639
125.9368	84.8222
121.3695	82.1761
120.2429	76.6456
121.1976	80.0292
119.8603	77.0771
122.3350	69.2843
119.5491	72.6896
121.4055	75.5821
119.6131	77.0422
121.7846	74.6045
120.9541	80.8483
118.2970	83.2354
119.3478	78.5729
120.8528	79.7415
118.7810	84.7181
119.9292	80.2966
120.0121	82.8092
121.1420	85.2320
116.0879	87.1148
115.5846	77.7339
114.1416	70.2494
114.8647	69.2037
114.3101	71.1183
117.3956	61.7862
115.2317	59.3805
108.0071	60.0409
109.0179	62.1199
113.0864	64.1222
116.8398	61.4181
113.7020	55.7553
112.2396	60.2567
110.6257	68.1151
113.8060	68.6512
113.7939	67.2859
112.4596	62.7937
116.2123	62.6934
116.2752	67.4924
116.2751	78.2399
114.5034	72.3266
116.9776	69.6512
120.2590	68.7019
115.1256	70.1713
115.1981	72.2488
115.1580	70.6909
114.9414	72.3593
116.9579	74.5756
113.5699	68.3863
115.1147	66.0692
112.6682	63.0262
113.7334	70.4138
113.6348	65.1791
115.6346	75.2123
115.1938	73.0935
113.0045	73.1790
113.2316	63.8547
115.4105	67.9676
115.9090	69.5365
115.3205	72.1440
115.0921	68.9942
114.3153	69.3555
114.8529	71.3703
116.8047	73.0812
116.2564	82.7237
116.0832	73.7127
115.3543	71.0834
114.4227	74.8539
114.9245	70.6903
116.1111	71.6253
115.8208	77.0808
116.9742	75.4231
114.7316	73.0713
118.5682	75.3000
114.7913	69.0360
116.4610	67.6861
118.0968	73.4835
113.6536	68.6056
117.8181	66.6947
114.5622	60.3285
116.0979	72.2385
117.3275	65.5566
115.6295	68.4255
114.1310	72.2667
117.6306	64.2717
114.7156	56.8979
115.3229	62.6502
116.4020	59.8223
114.6819	61.9530
117.2531	63.2192
117.6805	71.4640
115.3656	64.4189
116.0185	64.8558
114.1019	68.0205
116.9690	61.2324
111.7149	61.5606
110.0587	64.5758
113.4200	67.7577
116.1266	71.3793
113.5206	76.7089
109.2270	72.5774
109.7073	74.9903
110.5793	66.8231
110.5544	67.0206
110.8112	70.3513
110.7158	75.2534
106.2016	69.8700
108.2951	65.8061
112.9618	64.7945
109.9514	73.6928
110.2640	69.7954
111.0739	66.7898
111.6830	68.2121
113.4791	67.6653
111.3785	64.0948
113.0186	62.2022
113.5192	67.2390
112.4170	71.2801
113.7990	76.5419
116.4516	73.8813
115.6790	71.2015
116.5868	67.6462
117.0163	70.1971
114.1194	70.4734
115.7313	68.2343
116.4445	63.6908
116.2493	67.2289
114.2195	65.4352
113.8302	71.5216
119.1806	69.2860
119.8887	77.0104
118.7359	74.3557
113.1641	78.2398
116.5251	78.1592
114.4756	71.7999
114.0760	69.0923
113.5623	70.5751
116.1726	73.2317
118.1694	79.4397
110.4960	73.3032
112.7100	68.0729
111.6803	74.7234
108.4206	74.9075
110.6496	74.8414
112.0086	74.8235
113.6629	77.8980
108.4168	77.5303
110.0588	74.3841
107.8916	72.6770
111.5230	68.2469
110.6088	69.1429
113.9004	70.2864
111.4641	67.0111
111.4114	63.0154
108.2170	63.7838
108.4865	66.5277
111.2506	76.6591
112.9085	75.3803
111.4742	78.2237
110.7016	73.4199
108.7105	75.3964
