102.0184	73.1967
100.2430	72.0801
103.9029	74.3185
102.7495	68.2249
102.8825	73.2573
104.5323	78.8617
103.0479	77.5525
101.2433	74.9420
104.4821	72.8012
101.5879	75.0796
103.4712	72.5370
103.0293	72.8810
101.0768	65.6588
99.4120	67.5826
99.4739	67.9473
98.5577	67.6757
96.5627	67.5692
94.8589	66.7399
98.8644	70.2427
98.8948	71.3112
98.2956	67.7755
101.7775	71.1502
98.0727	69.1535
98.7172	75.2863
99.8274	76.0421
97.8982	78.5195
98.1815	72.7621
99.0305	67.2706
94.4715	67.2969
98.1690	71.2557
102.6541	64.4477
99.5733	66.8439
96.9973	60.9397
101.9104	65.3586
96.4252	57.4956
97.2527	60.9948
97.4002	57.8089
100.2587	65.8491
98.1967	63.1278
100.1293	65.1299
99.9654	67.7382
100.0740	69.3272
97.6395	66.0705
96.2393	62.8368
95.6022	57.3817
95.1014	58.8207
99.0755	64.2517
100.0757	65.9758
102.1122	68.7894
101.0558	63.3141
100.6667	65.4245
102.3801	64.7220
96.7326	66.6096
99.8560	69.3252
101.5371	67.2825
99.3721	62.8592
101.8173	69.9212
102.6984	73.0893
99.2850	62.6003
102.4767	69.4159
101.6161	68.1659
100.6612	64.8631
99.6403	62.4484
98.4347	61.0159
99.1413	63.1965
99.9307	61.6168
104.0939	63.1777
101.2638	63.3542
99.1948	58.6261
96.7862	66.6892
97.0751	65.6490
95.8180	62.9530
98.9145	61.2159
96.4981	67.4659
100.5663	59.7258
99.7297	57.5688
97.5734	60.6523
99.0527	62.0848
97.6471	58.4454
98.9087	62.4785
100.9241	62.8060
103.8185	60.0617
103.6918	64.4652
102.3317	62.9105
104.4838	60.0222
102.0194	56.6364
100.5254	56.9364
100.1717	53.7921
104.7975	52.0773
103.1559	53.8290
103.1598	54.2354
105.8515	59.0972
102.5660	62.0929
105.9486	62.5144
105.7541	60.7186
101.5583	58.3955
102.7696	55.7958
103.3796	56.4494
102.6805	52.6816
102.6953	50.4513
105.6240	58.6943
105.7419	57.3614
101.7604	58.6328
103.5085	61.1680
102.7368	64.8646
102.1266	53.9094
98.3031	53.2053
98.8570	57.2688
95.5066	53.5177
95.1802	53.1202
96.6014	55.7700
99.1890	57.3809
98.6653	50.3543
100.5723	55.3966
98.3185	51.6216
99.4425	52.7084
95.6678	52.6575
99.4016	49.7395
96.4689	50.0575
98.1475	48.7468
100.7239	52.3496
97.5246	56.8896
99.4965	50.5716
102.4886	56.0449
104.1730	55.2935
101.8283	53.8337
102.5669	59.2077
104.4702	53.1473
104.1168	57.9106
105.8001	61.6134
105.0872	58.3713
106.4336	58.8024
110.5816	61.0521
108.2759	60.1918
111.2597	53.6862
108.4201	57.7145
108.4246	56.0239
109.3066	59.0628
111.2624	58.9499
110.0824	56.1953
107.7972	59.6219
104.0119	49.2613
104.3406	54.6298
102.2648	56.9904
101.6226	52.8841
101.7413	51.0423
102.6611	54.6502
103.6674	52.3847
102.9689	52.1572
103.4089	50.7526
102.9943	51.4282
103.4735	55.5621
100.4335	57.5683
99.8204	51.6883
99.1119	51.5348
101.5191	52.4491
102.5015	55.1583
105.1810	57.8019
103.9957	59.3589
99.7071	49.2396
98.2025	56.5593
100.5369	53.5611
102.1682	53.3549
100.2939	53.1891
97.8775	49.5505
97.4778	49.8026
99.8806	52.4778
100.1351	48.2446
98.3809	47.8496
100.0552	48.4621
98.2348	46.3749
101.3052	47.5227
100.8742	51.5291
103.4435	50.7546
103.8049	44.2811
101.8207	48.3717
103.6181	49.3730
103.1283	43.6862
98.0872	43.0927
96.9641	49.6500
98.2133	45.6817
97.5537	42.7926
96.6925	44.0707
97.6026	46.0194
97.2439	49.5374
99.8894	49.2084
95.7792	42.3146
99.6686	50.9670
101.4296	51.5147
98.3485	46.2182
100.8711	45.0628
101.6553	52.0960
98.1076	46.8556
97.1374	45.2022
97.6960	49.6962
96.1959	50.2668
94.2980	48.6462
95.3761	50.0866
95.2944	48.7127
93.5720	46.3830
94.8474	45.4434
94.7350	40.6580
95.4795	43.8490
95.8521	46.2832
94.5603	43.6171
94.2605	51.0173
93.7081	47.2405
95.7453	50.2531
95.4510	46.0710
95.8202	49.1684
95.3767	49.9918
96.3846	49.6996
96.2662	51.5704
94.6146	49.3407
94.7162	50.5140
96.4919	51.7254
96.7055	51.0896
95.2853	51.1932
95.8517	50.3729
95.9832	48.9744
96.0480	54.5858
96.3468	51.4562
97.3396	50.0370
94.9866	48.0507
96.0970	48.2564
97.6283	50.3020
97.8880	50.6135
96.1073	51.2443
97.4256	47.7125
96.5867	45.8208
96.1356	47.1342
96.9965	48.8694
97.3158	52.5226
97.1559	51.9858
97.3455	49.3363
96.7500	48.2699
98.0320	43.6957
95.4420	49.0609
94.9559	43.8920
96.0050	49.1004
97.4786	49.1785
94.4501	51.4186
95.9338	53.9084
98.0236	49.9253
98.7889	55.2503
97.5018	59.1806
97.8715	54.2828
96.1308	56.4306
95.2622	53.9935
98.2982	54.7774
97.8321	53.5303
99.8586	53.9069
99.9808	55.1017
99.8489	57.0877
102.2946	64.1640
105.2138	59.4341
103.0759	56.0309
98.4472	55.6489
101.3286	56.2119
102.2481	57.9604
100.0025	57.2800
98.8345	57.4239
98.9495	55.0139
100.8648	55.1094
103.1292	56.6207
105.3852	66.0070
104.4098	56.5894
100.3607	57.3997
98.7575	55.8812
100.8190	56.2440
100.6433	57.3383
100.6319	52.8065
101.8697	61.2838
101.5642	58.8900
102.9196	59.6647
102.2102	58.1336
103.5627	57.7671
102.1811	55.0136
101.6397	58.7353
100.8955	52.0427
99.5731	55.6300
99.4066	55.8558
101.3966	53.4700
99.3949	57.6200
97.8672	50.3439
100.6829	52.9824
100.4201	54.5914
101.3097	53.1519
103.7344	56.8884
104.0856	50.7436
99.4142	54.1323
102.5240	54.0705
101.8952	56.8833
107.0556	54.2501
103.4982	58.8678
104.8527	60.2864
103.2025	57.7466
108.3316	59.3460
106.5932	63.7129
106.8156	57.5108
101.1284	58.1287
100.8367	60.8751
106.4375	56.1615
104.3220	63.7013
105.4422	59.2093
104.8973	59.7630
107.8098	59.8102
110.4359	59.7804
106.6139	60.0977
105.2992	63.0179
106.1421	62.3629
103.4586	58.9910
104.7397	55.6729
102.7521	51.9386
104.2306	63.7423
105.5649	64.2819
104.5683	58.3470
103.1393	56.6782
103.4962	56.5595
102.2442	56.3737
100.0839	55.0109
103.5909	62.7201
101.4215	67.6757
104.5109	63.1276
104.8169	61.6827
105.0218	61.6175
102.5201	60.1141
108.5675	57.0593
103.2035	60.1075
103.8480	62.3410
103.6707	62.1721
104.3949	57.1589
103.4163	57.4041
101.2997	57.6958
102.8246	56.6113
103.5522	64.0489
103.9612	66.2645
102.6592	60.1407
103.4314	62.0599
103.8103	57.9080
101.9973	58.8677
102.6259	53.4320
102.6352	53.7080
102.4923	57.9749
102.4478	58.6556
102.1697	55.1688
104.1497	57.5017
104.6389	58.9291
103.4113	60.9599
99.7839	63.2115
101.0015	60.1060
104.7952	63.7866
102.2708	59.7198
102.3010	63.4066
101.6296	57.8692
105.5664	61.1367
104.3356	58.9295
104.1904	54.5164
106.2363	63.2291
110.1700	60.6139
105.0553	59.9807
104.5979	64.3225
103.8459	59.7354
101.2911	57.1539
103.1852	59.8846
105.1000	62.0624
103.6789	61.4290
103.9208	63.1062
101.0085	56.1405
100.2135	60.4420
102.5605	56.3628
99.4642	54.5159
103.1262	59.2279
102.8906	58.0032
101.9288	65.2419
101.3648	57.1379
101.9213	53.6193
98.6988	50.4114
101.8750	52.2669
102.0779	51.2921
105.2804	56.2298
104.7984	61.3290
104.4535	53.9659
101.2614	61.7038
105.8243	61.4505
107.6094	57.6727
103.2914	58.0323
106.8181	59.4587
105.5108	65.3408
103.2625	59.4117
101.0184	54.7509
100.2222	63.7123
100.5248	55.5340
101.1093	60.7304
98.6142	63.0593
96.1013	64.9405
102.1633	58.6176
101.0984	60.2704
102.6210	63.5819
95.2846	57.2979
98.0940	57.8252
98.6994	59.4567
98.4125	60.5418
97.3241	60.5963
95.5766	60.1437
98.4818	56.1335
98.0059	61.7854
98.0677	57.4701
99.1551	60.9049
98.4371	56.2596
99.7184	59.1934
101.6113	56.9782
101.4986	57.9278
100.1370	64.1283
102.1448	54.4984
100.8480	62.6339
99.2929	56.1087
102.4855	59.5723
100.5067	56.4995
98.5093	54.4305
99.2128	52.0384
95.3487	54.1700
97.2848	57.6754
95.8528	51.1380
96.6077	52.2548
95.8161	49.0249
96.3242	49.3805
97.1751	48.7958
96.4506	48.1704
96.3910	51.4981
97.0606	52.2245
97.9024	50.9999
96.5477	52.0385
97.5943	50.9780
96.7971	52.3199
96.2211	49.2087
99.4242	50.4064
96.0541	45.8342
96.7196	49.5065
96.2114	49.8650
95.9639	50.0343
98.3747	51.4724
97.5244	51.5300
95.8837	52.4123
92.9082	47.3383
92.4458	54.6483
90.6870	54.0207
92.4520	55.6055
93.2852	52.6548
93.0015	54.0158
92.5706	53.7024
92.3218	51.3175
91.7075	53.8117
93.5681	52.5917
93.3024	48.5358
93.8241	48.7099
92.5319	51.1083
92.7270	56.0952
92.9236	54.9499
92.2107	48.3618
93.5790	54.2540
94.3039	52.7161
92.5401	55.0837
93.8379	50.5533
93.6290	47.4915
93.8337	46.4460
92.6918	47.9068
93.1163	52.6265
94.5325	51.6325
93.7511	52.0189
93.4472	54.7109
93.1310	53.5817
94.3612	49.7564
93.3953	48.1229
94.7317	46.3846
95.8655	48.7794
93.8019	48.5148
93.4608	48.8881
94.3085	51.6108
94.7114	52.5433
94.0313	49.2089
93.5563	50.9331
93.7665	50.0798
94.4280	51.6695
93.2777	48.0622
93.6047	49.0108
93.5996	54.4025
94.3774	51.7589
92.9736	55.2872
93.2162	55.6395
93.6531	51.3643
94.4218	47.6457
92.1399	49.4278
93.0576	47.7359
93.3981	48.5158
91.4797	49.3258
90.8524	47.9421
91.8305	49.4792
92.9030	50.2174
93.9128	53.5570
109.5487	72.9359
107.5874	66.8375
105.7406	68.0991
108.1275	70.6577
105.6664	63.0923
108.8850	67.4411
107.3056	63.3252
108.6113	66.2348
108.4339	65.7649
106.3859	65.8656
106.5794	67.3751
104.0320	65.7644
107.7675	67.9828
108.5909	66.7713
107.6565	63.1453
104.1987	67.1011
106.3361	64.3389
108.4913	62.8259
107.7866	61.5311
108.1177	66.9385
105.0753	60.4462
103.7131	63.7049
108.2849	65.6327
107.1092	65.8028
103.6136	67.6056
104.0497	62.9132
106.3788	65.7430
101.5585	64.3774
103.5347	64.5619
101.4064	63.5763
102.1350	61.9469
104.7005	65.5528
100.5811	60.9915
102.9747	63.1478
105.1107	63.0204
105.7110	62.5930
107.2428	66.8645
105.2851	64.9540
102.4191	56.4876
104.0942	60.6530
101.2872	58.4741
103.4116	68.1800
106.5313	60.6171
106.8106	66.3568
105.4601	61.6473
107.2557	61.5770
106.7212	59.2178
108.7972	60.0168
107.0251	67.3562
107.8940	72.4922
109.5910	70.5908
113.1239	68.3032
109.4567	66.9815
109.0580	70.4920
108.9222	74.3685
107.3118	70.0422
111.9433	74.3053
106.8433	66.4447
107.2979	65.9509
105.1362	65.3905
103.7106	50.3519
106.9675	57.9350
108.4816	57.8273
105.3300	60.7573
108.3010	63.1020
108.4597	63.8558
111.6492	64.2738
107.6228	67.8940
108.8917	66.5043
103.8455	63.9618
109.7263	66.5436
106.0889	63.7463
108.4353	70.3662
107.5407	69.3467
109.0023	67.1829
108.3896	67.9875
106.5036	62.9208
101.4230	57.2541
103.1235	54.6624
103.4974	53.7896
102.8221	61.5048
105.8502	58.7379
106.8579	68.0839
102.5006	64.8752
104.1929	62.5521
107.1178	66.5874
105.1737	58.7252
108.9077	69.0782
107.8565	65.9899
109.7326	63.8362
107.2139	64.2481
105.3395	69.9738
105.2720	69.4845
105.5011	67.1006
105.8973	74.3357
107.1375	71.6410
105.0442	65.5396
106.8468	69.2712
103.9284	68.6256
100.9649	61.4063
99.1118	63.1811
103.0723	62.1444
103.2317	69.1764
105.6588	68.6716
99.6986	73.9208
102.7623	64.7697
105.7715	67.9355
106.3139	67.9715
102.0048	72.3173
104.4893	68.1412
104.7160	65.2117
106.8441	67.1882
104.7022	64.2511
102.4748	66.2823
101.0554	63.7700
98.5990	56.9369
98.3243	59.2467
99.4532	58.6821
101.5367	50.1798
99.7126	53.7628
100.6910	59.6555
99.9271	55.2814
100.5386	60.8407
99.5372	55.4131
98.2336	55.8692
97.2195	51.5726
97.5362	55.0216
96.6891	54.1188
92.5444	60.6528
92.1258	60.9956
93.8858	59.6324
92.8228	61.2808
94.6338	55.4973
95.1179	55.7672
94.7962	55.1424
93.2852	58.9226
91.9199	58.3982
97.1782	64.1407
99.3349	59.6366
97.8619	69.1163
100.0627	59.7857
101.6780	67.8792
100.3702	66.3662
103.3599	70.3295
99.7075	66.3020
100.2814	66.5817
97.6984	61.5976
99.2103	63.6638
95.0594	60.9011
98.6396	62.5401
99.1044	56.3214
98.3651	56.6455
94.5485	57.1282
97.3828	61.5435
97.8803	57.2991
98.8817	63.4720
98.9911	67.6931
97.9971	68.2645
98.2062	69.7930
97.7277	63.7276
95.6384	63.4178
96.0108	59.5462
93.2283	58.0981
92.2951	61.3996
92.8887	62.8726
92.8888	62.9304
92.8481	57.8494
95.5346	55.4422
92.2441	62.1733
94.0285	53.5139
92.8951	64.3102
94.8094	62.9824
96.6914	65.3214
95.9950	62.9334
96.9920	64.8798
93.0511	58.7438
94.8583	61.1153
93.5127	60.4051
94.6869	64.0324
93.6955	61.3259
96.1585	61.0625
99.0686	65.5679
100.1558	66.7445
96.7474	61.0100
99.2669	65.0219
100.2362	63.9359
96.5175	57.8255
97.9009	62.8691
96.3244	63.4031
100.6778	61.4903
99.3812	70.3473
103.6491	77.1039
101.8459	76.6929
103.7174	70.9017
100.7512	64.3694
102.5884	76.2914
100.3234	68.8640
102.6152	63.7651
102.6430	68.0476
101.2597	69.6800
101.2165	68.7996
99.1351	67.8127
95.6605	65.3179
93.6515	64.8980
93.0148	62.3563
96.4294	66.2818
95.7192	67.2581
97.6416	71.6583
97.7727	69.1878
98.8608	70.3656
99.1805	68.7569
98.3733	71.3198
100.0536	72.5806
99.1940	76.6632
99.1275	66.0428
98.7364	68.9878
98.0721	71.9717
97.9359	65.3886
96.2127	59.6290
94.1888	61.1906
97.2926	67.1167
95.1567	59.8589
93.8228	58.6938
95.2178	59.4243
99.6037	72.9071
96.3851	61.7626
98.8098	72.7325
103.5875	70.6388
102.1070	64.3557
103.8272	71.6673
102.1481	72.4367
102.8249	64.7476
98.5779	62.1126
102.6225	52.8190
102.5616	59.3770
97.8163	58.4419
98.9620	65.8547
97.1506	63.0994
98.8719	61.5285
101.8937	66.8460
99.1880	59.3730
101.1204	58.3886
98.8703	64.5946
99.0899	61.5282
99.8374	56.0063
96.6874	54.7314
95.1985	53.4451
98.7318	62.8733
99.5604	58.4026
99.0258	58.2107
101.5157	64.6548
101.8448	68.0863
103.5143	64.9818
101.8212	65.9477
102.0632	71.4607
101.9142	65.4768
103.4818	73.6844
101.7690	68.1888
103.3439	73.2457
101.5848	71.3959
101.5803	70.8620
102.1577	67.4344
104.0111	70.2846
102.7665	68.3724
97.6051	61.7235
94.4755	59.1658
94.1772	58.2049
97.3571	52.1055
99.6650	63.9492
101.1053	59.3269
99.1020	63.9589
100.7150	57.7584
103.3465	60.8457
101.2395	53.9792
100.9602	62.1222
101.0568	60.8168
103.5739	57.3641
104.5680	58.4737
104.7344	62.3188
102.1966	62.4128
104.1621	64.9596
103.3519	68.7466
103.4416	64.2368
102.3516	71.2556
103.0895	73.5732
103.7529	73.6487
101.1961	64.5230
100.2896	54.7639
103.6941	66.1608
105.1754	70.2810
105.1901	64.3641
105.3527	63.9787
108.2521	69.1663
109.0951	65.0826
106.0625	56.8610
105.5147	57.6441
108.9344	53.8608
104.8201	65.9984
103.8172	56.5396
105.8177	54.0235
103.8357	51.7497
104.9070	57.2812
106.8439	53.4317
106.1311	53.4098
105.2381	54.3052
106.6082	50.5018
107.3423	49.4086
109.8682	55.1630
109.4145	53.2792
110.4007	57.3126
108.8577	46.5739
106.0560	48.4757
106.2136	48.2872
109.5183	53.7345
110.9676	59.9405
109.2004	57.8072
108.7906	51.4063
107.0128	52.9841
109.6609	55.9815
111.4107	63.1932
109.4841	54.7254
107.2951	51.3719
110.7562	57.3711
111.6569	56.2368
108.9340	55.6304
106.2267	64.1314
106.4886	53.4414
102.8086	53.7048
101.5882	57.4968
103.7739	55.9703
105.2921	56.4549
105.5310	57.8286
105.5740	57.2919
105.2536	63.7052
103.9188	55.3344
104.0798	58.8300
106.9145	60.9148
106.3416	53.2614
107.0928	45.9135
106.1551	46.6713
107.1851	47.9990
109.6064	55.7343
106.4850	44.1777
110.2196	42.2111
110.0479	39.5936
110.4604	48.9142
110.6727	51.6003
108.0199	40.6009
109.1119	52.2631
107.3680	45.1698
107.3050	48.5924
106.5828	42.0296
108.9190	51.1705
102.9070	48.8377
106.7782	51.8091
108.2877	51.0930
103.8193	55.3236
104.4532	55.6834
106.0441	58.7512
106.4743	52.5224
106.8310	47.0172
105.8635	45.8215
110.6531	48.7823
109.7581	42.7951
110.9372	44.4779
108.1963	45.7347
109.6646	42.6005
106.6519	42.5207
106.8807	42.4959
106.1290	43.1896
105.1856	40.2992
107.6859	38.3627
104.7059	47.0765
105.6344	41.2247
105.2974	45.9017
107.6721	47.4816
105.8598	48.2874
108.7901	44.1288
106.9521	51.6335
108.1348	56.3922
108.2175	53.6505
108.8034	47.4347
108.1626	45.5312
111.3441	42.9315
108.1203	44.0452
108.0919	40.1430
104.5359	43.1822
106.2020	44.2869
110.8377	40.4200
108.0804	39.7259
110.1218	40.7365
111.6642	41.3585
106.0885	43.0931
110.3742	37.7872
110.1572	45.7541
112.9650	47.7687
115.2971	52.0422
112.8280	47.5604
111.9746	45.5207
110.0374	44.3710
115.2185	33.1703
114.5221	35.3304
113.4765	35.8574
109.4271	26.7083
113.6648	32.6418
109.5790	35.7644
113.3696	39.2506
104.4222	34.3232
110.5824	38.3855
108.6196	36.0594
112.5210	39.4052
112.1238	41.8010
113.0259	40.8249
108.8178	45.1839
108.1611	39.1388
112.8040	35.9219
113.5977	42.0296
112.1671	38.4477
114.4331	40.3059
116.4746	32.2226
120.1497	48.4627
119.2962	42.5006
114.6254	32.9317
110.1694	35.1442
118.8923	52.5064
116.3355	42.3178
118.3266	47.5836
116.5445	45.7230
116.8333	39.3363
116.2051	44.3894
119.1924	41.0155
114.8748	41.3548
114.2449	40.0207
111.2791	28.4426
112.7076	27.5017
113.0460	32.0991
111.1030	32.6241
115.6103	30.4552
115.1685	26.0521
114.5914	25.8097
117.6987	28.8061
113.7523	29.4418
115.1782	39.3224
113.0664	44.2739
113.5204	48.3217
112.7494	52.5370
114.2303	44.8070
113.1523	53.3471
109.6285	53.2198
116.5632	46.7243
116.5223	44.9186
110.7653	54.1034
111.9318	56.5136
112.0668	51.6493
113.4491	45.2600
115.1287	47.9828
114.5571	41.1116
115.5260	43.5467
118.3504	43.3469
117.2270	44.3975
113.2694	46.0831
111.4519	43.6384
113.1063	41.6355
111.7186	46.1365
113.8502	37.6668
114.5364	34.6778
109.1151	34.4073
111.0296	35.5351
114.2300	37.5725
108.9121	41.1348
112.4412	33.6016
112.4893	31.7821
113.9370	31.6428
112.0656	36.1797
111.2014	35.2259
112.8756	36.0637
113.3405	35.2713
117.4556	37.5134
115.7037	39.3979
113.9556	39.7177
112.3624	42.5470
115.5181	40.6287
117.0466	39.4403
112.8748	45.2959
111.1914	46.1329
113.7624	45.8655
113.0526	39.7410
111.3521	43.5985
114.1802	32.2020
115.5252	45.3235
120.1357	40.7462
114.8641	33.3421
112.8307	37.6322
111.3729	40.9547
111.4380	40.7578
116.0355	48.6918
112.4365	48.9759
112.6290	50.0802
112.2534	51.0499
115.5675	52.5304
107.3716	78.8062
108.7558	69.7731
106.9046	82.3680
104.4731	83.2283
107.2141	80.1326
106.0267	81.1535
105.5108	78.9549
107.2551	74.2780
105.9864	79.2672
102.8254	72.7796
102.5707	79.1976
101.7380	81.7494
103.6693	70.3893
101.3261	82.5368
102.5102	81.1139
105.9084	75.7922
102.9707	88.6564
101.8967	80.5023
105.2838	82.8761
102.4332	80.7591
101.7078	85.9199
100.7938	87.4689
100.9734	92.4640
100.6891	90.4580
98.7568	82.6216
99.6952	77.4561
100.0484	77.9724
101.7486	75.6543
100.2866	77.0371
99.9860	80.6950
104.2324	72.1635
102.4307	76.4575
102.3492	71.7699
101.0159	76.7941
104.5700	78.8478
106.9860	77.3698
103.7403	75.5123
103.7265	68.7631
102.0803	75.8504
101.8497	73.7967
100.2712	74.9674
102.1801	74.7442
99.3240	71.4257
101.0975	73.0058
100.8986	75.2394
97.9303	75.9975
99.8905	70.6736
98.7943	75.0732
99.1120	71.5703
98.4305	74.2144
101.4779	69.2990
101.4552	69.8312
98.2683	69.6304
97.9524	73.7666
96.7501	76.9880
97.3870	79.3120
94.7956	79.2627
94.5726	75.7924
99.3348	80.5616
97.8216	80.1892
97.8857	79.4736
100.0907	81.0942
103.1571	73.7773
102.5597	76.3331
101.9088	78.5683
102.1676	77.0240
99.9103	79.3062
98.9563	78.7681
102.1060	75.5952
102.9048	77.8220
100.6970	76.5432
102.1484	75.0860
101.4582	84.3000
101.8325	77.0090
98.8138	86.6201
98.7877	78.8637
101.0605	80.3042
100.0562	85.8042
100.5288	80.6478
98.1533	76.4325
97.5724	83.7449
97.7097	87.8689
99.8547	83.1305
98.1868	82.6557
98.8394	86.7344
99.2530	80.1793
100.1252	77.2531
101.2628	80.0816
98.7663	83.8965
99.4469	84.8592
97.6213	86.5387
99.6512	86.1794
95.4474	85.1056
97.6853	82.2168
97.3870	83.0474
96.1206	82.2150
97.8854	83.5340
96.2932	81.5138
94.7003	77.1221
97.3024	86.0466
96.7908	80.0074
97.7812	84.3786
99.5302	87.2989
97.7892	83.3398
99.9403	84.5900
96.9436	81.1712
98.1201	84.3195
96.6329	82.2580
96.4741	82.4976
96.5027	82.6016
97.7530	90.3551
96.0230	86.1372
97.7311	85.6244
97.8131	79.4209
99.1551	83.1111
97.9428	77.3644
95.5618	81.1243
98.2687	78.4317
98.9656	81.6203
96.8626	85.2838
99.1912	91.5998
96.7398	93.2304
98.0790	90.3897
97.0194	96.4285
97.6965	88.1282
97.5603	90.8278
98.6019	86.1010
96.6768	87.8299
94.9231	85.5457
97.7669	94.6965
99.3310	93.1565
96.4867	92.7522
97.7854	90.4872
95.0779	86.0243
96.1874	89.2719
95.6923	94.0573
95.7346	88.7622
95.4902	93.0561
97.2709	89.2979
97.8112	83.1945
95.4274	87.9934
94.5814	85.9970
96.3432	91.7586
98.4032	94.5546
96.2698	93.5248
101.0681	93.7894
99.4693	96.2503
97.9429	92.1957
98.5229	89.8985
97.3139	88.4711
96.4427	94.2720
97.1623	89.6227
97.5693	87.8216
97.8446	95.0985
98.4578	87.7188
98.6153	88.1804
98.4446	89.1815
100.2126	88.3402
99.7905	86.5233
101.9145	86.3931
100.6609	91.4368
98.9512	90.8024
97.7168	88.6888
98.0611	90.9299
99.4123	92.2597
96.5712	92.4422
96.7571	89.6513
98.1463	87.3637
100.6476	92.7655
101.0721	87.1818
102.8809	84.6077
101.6796	87.6554
98.7180	86.9201
99.0822	89.7013
100.5714	89.1303
99.6693	89.5833
98.4315	82.0383
95.3157	79.3491
96.1255	89.3934
100.8335	89.9849
98.8474	85.0395
94.1953	87.8801
96.2562	86.5957
93.6904	90.4650
94.7037	86.9235
94.0321	88.3984
94.5897	87.5503
97.5534	84.9484
97.4820	88.9042
97.2350	85.3247
98.5161	89.2674
97.0465	69.7612
97.6589	82.7456
96.9212	85.7805
99.1879	83.0842
98.4072	84.4620
97.9653	82.9216
100.5054	83.9800
97.9997	84.5436
98.3110	83.1544
96.6530	81.2881
97.3543	84.6390
96.4275	83.9865
97.0258	90.2819
98.3315	83.9092
94.2597	89.9338
94.8416	85.6355
95.0758	80.8242
94.0827	79.2948
95.2441	79.7210
94.9633	79.4479
94.1672	86.3115
97.7075	87.2229
95.1468	86.8345
96.8899	90.8547
93.8167	88.8137
90.9069	84.1339
91.9312	84.0655
91.2459	79.2421
93.5315	79.8465
96.3469	79.6617
92.4561	87.5673
91.6495	86.7814
91.8334	89.9164
91.4361	83.7724
92.2187	88.6379
91.1625	82.4154
88.6425	87.7341
94.0419	87.2925
90.9855	85.1129
92.5360	83.9064
92.5476	85.2598
92.8804	85.4906
89.3597	85.7976
93.4148	82.8099
89.6546	80.6909
92.0471	80.1015
92.4348	83.3936
93.5617	81.3895
92.2467	83.7297
93.3830	83.8534
94.0706	85.2650
95.7817	84.8411
94.9874	83.7541
96.8998	91.0355
93.7397	88.1772
94.9980	87.8577
95.0060	86.1457
95.7052	84.3235
92.6018	83.6253
95.1602	84.1025
95.0491	87.1168
98.7310	82.1300
98.6911	82.8515
97.5470	83.1484
99.6313	88.0686
96.7545	85.3716
96.9775	83.6241
96.5503	83.6988
95.2561	81.4354
97.2003	81.4901
97.7931	82.2147
96.1310	80.2684
100.0109	82.2219
101.3461	82.6164
99.3577	84.9126
101.2040	82.9177
95.6769	80.6669
94.3603	77.5805
94.3220	81.6873
93.2861	84.8766
93.0821	77.7187
91.3342	78.1742
90.9759	81.7721
94.1615	86.6643
95.7300	82.4213
94.2975	84.2337
94.1625	78.8045
94.1587	86.0132
94.7379	83.3761
94.4644	81.3267
93.6638	83.9445
93.3048	84.8105
96.1414	86.5261
94.8731	82.4269
92.7120	78.3016
95.4479	76.4694
95.5201	81.5762
95.0437	77.9594
95.1436	85.7460
96.2840	84.2829
96.8437	83.9927
96.3629	82.5485
95.7943	86.8524
95.1186	84.3988
91.6673	88.4941
93.9761	80.8281
96.1677	83.1187
96.9472	80.7982
95.3060	78.7259
96.6253	83.5527
94.7019	83.7208
95.1497	83.8958
95.4393	78.3467
96.7851	81.8862
96.6713	84.6706
94.6016	78.9353
95.6962	82.3328
96.1526	87.9151
96.1396	90.6524
96.9876	91.5320
99.2693	90.8635
96.7194	87.4505
95.6406	83.3232
96.7584	81.8212
98.1450	88.0886
97.1778	84.5629
97.5536	82.8669
96.7831	81.9680
96.4757	84.4078
96.4184	78.2495
96.9105	83.2997
94.3311	80.9537
96.3212	84.0903
94.8809	84.9951
95.4703	86.1465
96.6403	84.7370
92.9158	82.4656
95.9977	79.7106
95.1809	86.1818
92.5783	80.6658
95.8781	79.8829
95.4106	79.7783
95.4743	82.6452
94.4143	78.7268
95.3500	88.4370
95.5714	79.6424
93.9212	84.1433
93.5701	76.7596
93.2993	83.8063
91.8947	82.7723
95.4943	83.4156
96.7842	85.4124
94.3144	80.3204
93.9840	81.2934
95.0948	84.5976
94.1197	83.8530
93.5748	82.2825
93.0534	82.5811
91.8479	81.8696
93.1005	82.7140
93.9704	90.3856
95.3881	86.1892
97.2886	90.7943
96.1440	84.2818
95.3125	87.8733
95.6754	89.1681
96.0740	87.5453
96.6278	89.1146
97.1516	86.5768
95.4544	87.8113
95.3279	86.6993
96.1351	87.4414
92.9068	84.4264
95.3590	89.4053
96.6214	86.8306
95.8379	88.3233
96.0142	88.9757
95.3897	85.4700
96.5478	84.7029
94.2068	88.3435
98.1015	87.1744
97.6547	85.5570
95.8313	82.3894
95.3517	83.3645
94.7574	88.6996
95.4869	84.3762
93.8452	86.1233
94.4148	90.9707
93.4303	86.5293
96.0195	85.9743
95.3987	83.7720
93.3445	85.7266
95.0971	80.9327
94.5120	83.1262
96.1962	86.3976
91.6035	83.1748
93.5575	84.1905
95.0505	82.5727
94.7170	81.3407
96.2941	81.3276
95.9139	86.9186
94.2809	83.9384
94.9255	86.6808
95.1235	87.2527
93.4570	87.5516
97.0236	82.4223
93.4740	83.0599
93.6706	77.6188
94.4596	76.0980
96.2097	83.9260
95.2917	80.3981
96.4706	83.3975
92.9675	84.9274
95.9448	84.3802
95.6045	85.6091
94.6280	83.3155
94.6495	88.8493
93.3198	84.8500
95.1003	81.2840
93.7143	80.9490
94.3868	86.1137
97.8284	86.8081
95.6518	89.4126
93.7908	78.7485
95.6370	84.5566
96.2683	85.2989
95.2407	85.8466
93.7813	86.5852
94.9662	87.1180
90.8567	83.6009
95.0744	87.4432
93.1939	81.8823
94.6081	83.8614
92.5645	80.0723
95.0029	83.0477
94.2599	77.9482
93.3289	79.5934
93.5395	77.1446
95.2764	77.1927
94.1677	82.6293
95.1277	84.2737
95.4653	82.7672
93.8229	80.0031
96.2368	82.1516
94.8514	83.7635
93.4168	83.6145
97.2912	80.4487
97.8378	84.1401
97.8780	83.7034
96.1705	79.7459
96.3455	80.6473
93.9170	83.5587
93.1520	82.4088
96.6105	85.0780
93.8862	77.8988
93.6986	85.6921
94.2202	78.7755
95.3173	82.4251
94.1963	84.2135
97.1966	79.0286
93.5986	81.2821
95.2158	83.9318
96.6402	86.9326
95.8271	79.3944
95.5977	81.5112
95.8325	84.7146
95.0046	83.5183
94.6738	78.7656
95.6140	78.3448
95.6158	82.5618
94.3564	80.9183
94.0576	81.6536
94.9214	87.4141
94.3581	85.2635
95.9449	83.0479
93.3317	84.7173
93.5505	81.5426
92.9777	79.3974
92.2996	83.9194
94.2526	84.8644
95.0798	82.7551
96.0545	83.4245
93.7651	87.1838
95.3789	88.5687
94.2771	87.6141
94.8826	86.9440
94.5896	84.6776
93.6189	83.0399
92.2333	80.9996
94.6811	83.8724
93.5764	81.0942
94.9066	79.1522
95.1278	79.9129
94.5570	79.3103
94.3850	79.6066
92.9862	81.3456
92.6696	76.3568
92.9911	80.2410
93.5951	82.6567
93.3692	84.0413
93.7049	82.0709
93.2536	83.2368
90.9960	79.9598
91.0873	79.5772
94.8926	84.8178
92.4848	84.5316
94.4265	83.7534
93.0073	85.3428
92.5430	85.9526
107.6344	80.6088
104.4519	76.9542
105.4134	73.7061
107.3311	71.1881
107.1774	76.6290
104.0449	63.2852
105.1331	61.3802
104.6619	60.5168
103.7316	67.2333
104.0983	68.5902
100.5963	73.4336
106.8290	75.0740
102.9324	73.2801
102.3578	68.5392
104.4446	64.8083
106.4200	66.9846
101.9713	64.0977
102.4812	63.5136
103.1650	63.4093
104.2122	61.5372
102.0660	56.9698
100.2556	53.0839
98.1019	54.4264
99.4873	56.1581
99.9352	57.4573
100.3114	61.6873
100.9577	59.5501
103.4816	63.1755
99.7832	58.5220
104.7945	60.2809
103.5727	55.4784
108.0176	54.5729
107.1324	57.5804
104.5261	58.8468
105.1628	66.1691
105.2509	65.3531
106.7499	63.0941
106.0199	57.2860
107.5168	57.6729
107.9176	60.4053
106.2035	53.5908
106.7181	56.5604
105.9595	57.9712
105.9464	62.0777
105.2028	51.7033
103.3929	56.9631
103.0220	54.0878
102.4274	55.9687
99.9124	57.7918
104.3482	54.5895
105.4369	55.3070
106.1612	50.8718
104.0330	56.9354
103.8492	52.8314
106.9629	55.0092
106.9862	62.7458
111.1186	61.6093
109.3830	59.1957
112.1773	62.8575
111.3816	68.3549
109.5405	62.9308
110.2908	57.6477
108.3364	61.4614
114.6015	50.6878
109.2976	51.0578
109.8278	53.0146
114.1894	65.5813
108.4284	59.4535
113.9697	48.9694
110.8085	58.8719
113.8103	65.2188
114.5754	60.1578
116.0039	58.6594
114.9292	65.9174
113.2198	54.6674
116.5070	49.6729
108.8515	49.8639
116.4547	56.0088
113.6352	56.8105
110.1931	53.5395
110.5532	49.0033
112.4610	52.0105
110.4477	53.0862
110.7671	52.9604
110.3595	50.0847
111.7032	45.1030
116.1117	45.0549
111.1355	47.5766
110.6232	54.1046
115.5276	53.3454
111.4086	47.0470
108.5233	47.3524
105.7213	45.5379
106.8033	49.4399
107.3769	50.7104
100.0546	50.5486
98.7345	51.0983
96.5928	49.3864
99.9060	52.0044
98.2388	51.7643
96.7209	51.3851
96.5174	51.8055
96.5712	50.3233
100.0030	53.3970
99.0181	55.0228
99.9842	51.1169
100.3104	59.3255
100.8074	56.3403
100.1111	54.2123
99.6645	57.1467
101.0127	58.2033
98.7196	55.3161
101.2599	61.2262
105.8449	60.3031
102.5956	55.3399
101.4106	57.3795
98.9020	56.8745
101.7986	58.4464
100.4880	55.0452
97.9014	54.8950
94.5011	51.8439
95.5421	53.5068
95.3587	55.7103
96.1380	46.4663
97.2167	53.7896
99.3142	47.8115
99.5826	51.4441
97.3592	51.7462
96.3183	56.0805
97.4774	46.8202
95.8924	50.8221
96.3455	50.2514
95.7691	46.6018
99.3208	43.3431
95.7309	41.4094
96.7068	42.4088
96.0535	43.0913
96.5751	44.8313
96.3000	46.5102
98.0360	50.0326
98.0427	46.7689
97.1984	45.4099
96.4642	45.0918
95.9937	44.0890
95.2524	42.9701
97.4931	47.1608
99.3141	45.7439
96.8593	48.8934
97.1348	44.4034
100.9581	50.4532
101.4963	52.4008
101.2816	49.2028
97.3252	49.0478
94.5043	47.3911
95.0453	47.4674
95.1104	47.8363
97.3255	57.9663
100.4827	53.9714
101.9919	59.1767
101.0098	57.0323
100.8009	50.3404
105.7638	64.1112
103.5129	61.3791
101.9242	60.3901
99.1616	52.3713
100.7781	60.8335
98.1156	58.6390
98.1730	59.4296
96.6929	56.7334
98.5722	54.9449
96.3831	54.1942
98.6338	58.1755
98.3128	58.5228
98.9881	61.2783
102.1129	58.7370
100.9477	55.7226
99.7031	56.4141
102.2776	61.3420
99.7685	57.9085
101.5476	55.9765
99.8641	57.7390
100.0110	54.0522
101.9319	59.8831
100.7535	60.8261
101.4969	60.6293
100.1373	57.3081
97.6870	54.1318
98.9666	59.7258
97.6942	53.1903
100.5192	56.9254
98.7226	57.3109
99.1924	54.1984
97.4371	50.7427
98.4425	51.3304
99.0499	55.7242
98.2784	54.5467
96.5974	59.8381
95.8332	59.6169
98.2230	57.3324
97.7960	56.4024
95.9535	55.5761
99.5584	53.6446
100.4824	54.5614
99.3525	54.1767
98.7954	58.4195
98.1969	58.4229
97.8137	54.1322
98.1107	49.6510
96.2057	50.6448
96.6668	54.0007
95.3442	52.0523
94.0441	51.2417
96.2046	49.9249
96.0132	50.8107
95.9347	46.7789
94.4155	49.1941
94.4241	48.5660
94.8562	47.7799
96.0937	53.0117
93.6125	50.9351
95.5221	49.8571
95.0206	47.7521
94.4396	53.5199
94.7219	49.0301
94.8697	48.8730
95.3023	52.1772
94.8653	51.8832
95.3765	53.3329
93.1841	50.7126
91.2083	45.3999
90.7111	50.9856
94.2608	49.1589
94.2816	51.7214
94.9615	50.4117
93.8115	44.8224
93.0736	45.1270
93.8851	46.8530
94.5952	45.2634
94.1802	49.3048
96.1110	48.6599
95.8687	47.2061
96.7648	49.2020
94.4028	48.5018
97.8526	45.6814
93.0342	45.6840
92.4195	47.5581
93.9368	47.2558
93.2205	46.7244
93.3225	51.7258
93.5546	50.3064
93.2967	51.1237
93.2109	48.8546
94.7938	45.0475
92.7572	47.0887
93.7159	52.1184
95.7786	49.9961
92.6073	51.9396
93.3330	53.6739
94.5903	52.5956
94.0164	52.4868
95.6988	50.8466
97.7286	52.5140
95.5544	55.1529
95.4624	54.2200
95.9746	45.6199
97.8892	50.7965
96.4879	53.6703
95.2940	45.3786
94.9482	51.3950
97.0344	45.9221
94.5512	50.4371
94.8691	49.9674
95.1751	48.1832
97.8523	53.1346
95.7551	51.4856
96.1656	53.4759
96.1848	49.9441
97.5410	51.1926
96.7151	46.5570
95.1034	49.6602
96.9024	48.9101
93.2615	46.2007
97.8191	46.2681
93.9461	49.4137
93.6684	46.7005
95.4183	45.3754
97.5417	47.4033
94.4647	49.0268
93.4240	45.9534
91.8611	48.2173
95.6645	49.2112
94.5714	43.1300
94.7277	44.1997
93.5656	47.8859
92.9032	48.6998
90.9988	51.5134
89.6708	51.2204
92.6792	51.0713
91.7843	50.1173
90.6249	44.2118
92.9437	49.7899
93.2533	48.1245
92.1281	50.0050
92.1513	46.4102
92.9908	50.0245
93.3837	44.3584
94.3805	43.9353
94.8590	46.8728
93.8124	50.0978
92.8351	47.9238
94.9163	50.4132
94.5217	52.7088
95.3936	52.5756
94.0340	45.5033
94.7931	50.1735
95.6738	47.0097
95.4327	47.2852
94.1560	49.8739
93.4351	50.7563
94.6569	49.7634
93.9649	47.7686
96.3841	50.1682
94.6327	48.9410
94.9212	45.5295
96.2712	42.7580
94.9773	46.9576
93.8081	46.9122
97.3491	49.8001
96.3072	48.8198
94.8650	47.1863
93.8829	46.3488
92.2491	51.3342
92.3097	50.4433
92.5778	48.1791
94.6679	48.1460
95.0347	49.4048
93.7250	50.1738
94.9018	53.6515
95.8210	46.5776
95.5457	48.8010
95.3900	48.7996
93.9664	50.0561
92.7121	52.0293
94.2159	52.6536
94.0079	51.2708
94.0679	50.0396
94.6849	48.3683
93.3247	49.5895
93.0140	49.6940
92.6209	53.8852
92.7181	51.1401
95.7907	49.1631
92.5695	53.3600
94.4256	50.6376
92.9621	53.0796
93.7617	58.2960
92.8613	49.7857
94.9622	50.6986
93.4292	51.1823
93.9448	50.9724
93.8760	49.8120
97.1312	50.6238
95.1510	52.8731
95.6368	55.7675
96.2045	58.4567
94.5277	55.5107
94.9157	59.1362
92.6741	53.5612
93.9643	53.7161
95.3762	53.3852
94.7774	51.8042
94.8422	47.4383
93.9562	51.3438
94.3993	53.6650
94.0195	49.9756
94.4777	50.7910
95.0218	53.1417
94.1237	53.2412
95.8248	53.1003
93.4816	53.9697
92.0962	51.6207
93.8853	58.1677
95.0485	53.4803
95.7543	53.8339
95.9797	59.2899
95.8236	44.1797
97.7804	39.6627
97.9627	52.7820
93.1339	51.0006
94.5828	48.9540
97.0323	49.2680
95.1104	51.5667
94.5794	51.1557
94.3435	51.5022
97.6771	53.2695
93.6863	53.0397
93.4775	47.0942
93.2557	48.8795
92.3280	47.4802
92.9606	45.0753
95.5590	44.5483
94.6666	45.6440
95.1212	49.5246
92.9565	47.9271
93.2128	49.4522
95.9830	49.8679
94.6551	51.7071
97.4590	51.9303
98.8906	52.2955
96.1466	50.0534
97.0761	54.1858
97.6608	47.8460
97.1984	49.8670
95.8090	51.8887
95.1703	47.7950
97.0587	47.9540
95.2421	47.6516
96.1258	45.7317
95.2993	48.7680
96.5455	51.1029
95.5589	47.2010
96.1749	50.1379
94.6753	51.4175
94.4539	48.5847
95.1523	51.9676
92.6660	50.4251
94.9519	50.4566
94.5733	50.2669
92.5707	49.5202
94.3572	49.9037
92.7748	50.6640
94.4674	51.9185
96.0140	48.5594
93.6157	44.9228
96.4032	47.3907
92.4196	55.9807
96.8088	51.5392
95.5607	51.0326
95.6804	55.4508
96.5933	51.1404
93.4859	46.7975
94.0074	49.4338
93.7454	53.4148
94.4867	50.2691
92.9104	55.7507
93.9808	52.9417
93.7365	45.9029
92.7363	49.2903
95.1917	53.8851
95.5108	53.4243
93.3063	55.6023
94.2654	51.9096
92.6339	49.8774
94.6983	44.6121
93.9553	46.9213
94.1992	47.4385
93.5437	49.6267
92.0998	45.0612
90.9906	46.9203
93.0288	47.1490
92.9656	50.2694
91.8011	49.7537
94.3573	53.0705
94.3983	54.1198
92.7954	50.4843
95.0295	48.4153
92.3896	52.3785
92.0180	52.3775
91.9936	54.8726
91.9163	51.1044
94.2716	50.9214
94.1808	51.3349
92.1878	48.7878
93.0109	50.6122
93.4460	47.0230
91.2305	51.8022
93.8153	50.1645
93.5970	49.0163
93.6258	47.8271
96.2933	52.5923
96.1689	53.4143
95.4751	47.0382
96.4845	52.9522
94.7376	52.0079
96.0417	54.1050
95.6346	56.8025
95.0639	50.7676
96.7665	49.2846
95.8683	55.6445
94.8627	49.2234
95.3977	52.2748
95.0596	49.7838
95.3733	49.2066
94.3454	50.2865
93.4673	47.6020
95.3414	47.6211
93.8794	57.8558
93.8191	49.5508
96.1385	50.5065
96.0238	49.5782
105.6897	70.6587
106.3497	68.8720
108.6701	69.7719
106.8201	70.6612
101.7681	60.9557
108.0389	61.6468
103.9613	63.2941
108.5608	71.7013
104.8246	62.1501
102.0921	54.4037
104.3265	63.6316
103.4596	68.5087
102.1703	64.5499
105.2071	67.8402
98.0187	59.5494
100.3908	62.7708
104.2236	58.8091
105.6919	57.1415
100.3170	53.3586
102.5268	58.0318
102.3708	57.9118
98.4014	50.7954
100.7775	62.5483
102.2264	54.0750
102.7539	58.3405
102.7878	65.0811
103.1127	74.2916
102.8465	71.3627
104.3812	73.7768
107.3919	69.8553
105.3154	69.9086
102.2569	66.0771
102.2659	67.1128
102.7320	68.5359
104.6874	70.5875
106.6246	70.0862
101.2238	65.0189
103.0731	64.2842
105.6400	67.1814
107.3844	65.6627
109.0638	69.0061
106.6364	65.8434
108.4979	61.8380
107.3310	58.5442
108.2918	67.2326
106.3624	71.1940
105.0947	75.0639
111.2860	77.4084
110.0011	67.1816
105.4547	66.5229
107.0075	66.3920
106.5205	66.3389
105.4811	65.6708
105.0774	60.8073
103.5253	60.8346
102.6429	60.8237
100.9571	58.7883
102.8074	60.1537
101.8327	63.1913
106.1515	69.8401
104.4329	62.7108
103.8735	60.3579
106.5314	56.7941
102.2298	54.3903
105.2201	53.3724
105.5131	56.7626
103.4639	52.9461
105.8717	56.2671
103.5867	55.3453
105.2713	57.8231
108.1795	57.2540
108.8176	66.2615
107.5896	66.0823
105.6202	67.3573
104.5976	66.9322
104.3673	66.4434
102.6742	64.0323
104.0851	63.1682
101.9859	51.3480
106.3154	61.3432
105.8079	56.0925
102.5301	66.0361
102.6657	63.9065
106.4988	63.0620
107.0325	60.8744
104.6434	61.0317
105.6705	58.0245
107.1084	54.5976
107.8376	58.0699
109.4007	62.0654
108.3865	66.0602
109.8343	62.8526
110.7439	57.5792
108.5796	61.9248
110.8008	59.5627
114.0026	59.8648
114.5043	62.0614
112.9379	79.9550
111.6609	71.5489
115.1099	69.4888
110.8691	65.2756
110.0953	56.9245
113.2601	62.0771
109.3117	54.4757
107.6473	56.5684
107.7393	56.5577
109.0571	54.2307
109.7889	55.3546
109.5079	55.6365
108.6594	61.5299
108.8610	56.1911
109.3505	57.4059
112.6735	59.8056
112.1832	63.3262
113.9156	62.2123
111.7090	58.1045
114.6852	67.1077
110.4697	60.2436
112.9757	66.8646
109.3925	58.4828
108.3232	58.3714
110.0906	55.4698
110.4088	53.8381
106.4992	59.0927
108.5991	51.6218
108.4234	59.1651
106.6573	64.2352
110.6362	61.4653
112.5803	63.2935
111.3071	54.6739
109.2795	56.6660
109.8083	63.8363
111.9321	66.9702
113.4469	69.8906
109.7311	72.6897
112.0063	70.5129
112.3416	71.0755
109.9020	61.7487
108.9988	66.3274
110.1413	75.3223
112.2657	73.1869
110.5433	74.3832
115.0878	85.7056
114.0269	80.3954
118.5746	83.4799
116.0339	76.6241
114.6221	73.2624
116.9910	71.0865
116.1534	72.1677
112.1471	75.2216
108.2309	70.7740
104.6720	65.6877
106.4127	62.6310
107.0388	74.5284
105.1987	70.1499
105.7563	72.9914
106.8094	73.8333
107.1267	73.3089
105.1481	65.4829
107.2340	67.6652
106.8314	69.1313
104.9015	65.8925
110.3932	63.9267
107.6937	70.8547
105.8471	71.6865
107.2632	71.5496
109.2576	74.4340
107.5585	68.9426
111.9343	70.9529
112.4519	65.9705
109.2586	67.2178
107.6992	70.7869
110.7198	76.9024
105.5313	72.3376
108.5229	74.5898
110.0620	76.6160
112.4006	78.7647
113.0555	73.4325
114.2754	79.5472
113.3635	71.5656
109.2527	78.3967
111.1703	82.6940
108.9359	72.2503
106.6253	71.7139
108.7989	73.6281
110.0153	71.1947
107.8015	69.7904
108.1217	72.1944
107.0516	64.4080
107.4031	69.3074
105.3520	66.6205
106.8451	66.4109
106.9023	67.0015
106.0812	67.5456
109.6369	76.0655
112.2235	75.2860
111.9841	74.3308
109.5777	74.2834
109.3064	80.9152
110.6416	74.8439
110.0178	71.1373
113.5174	75.3183
109.1824	67.8584
109.5812	69.7147
109.0075	66.8300
108.9584	74.1376
108.7389	76.2969
111.8768	70.0482
108.6552	68.6114
110.4579	75.2126
111.3239	81.0046
110.7960	74.6405
110.8064	71.0087
112.0184	72.3104
109.8004	70.4905
109.9009	76.6549
110.3554	72.3542
109.3763	72.4267
111.4588	71.2626
110.0635	64.7336
107.1695	69.6500
106.8730	74.2130
106.1604	65.0335
108.2792	68.5738
108.1137	71.0204
108.9981	66.1064
108.6747	66.5029
109.9401	73.3389
107.9965	65.3394
106.8056	59.8948
107.1865	64.7941
105.3738	63.4982
106.6867	68.1140
107.1518	63.5644
107.4369	69.1460
107.3495	70.1309
108.8530	69.6065
114.4214	74.5608
109.2840	76.0007
106.9985	71.2415
107.4099	68.0395
107.1000	58.7658
106.0211	56.9034
106.4715	61.4194
103.6999	66.4954
105.2429	61.6348
107.5709	60.6287
106.6892	65.1678
103.8905	65.0772
108.4479	66.6213
108.0884	68.2678
105.5189	64.6912
103.8521	66.7317
107.3437	75.2583
104.6584	64.7585
106.1074	74.0069
107.0906	71.9558
106.8779	77.5721
105.0850	74.6630
105.9717	66.8517
108.3148	65.5706
105.3739	66.2841
104.1528	59.5189
104.8610	66.5711
101.9798	63.7664
104.8688	66.0552
104.3935	64.8823
103.0209	67.6710
101.7767	57.2346
105.9829	64.5154
107.7513	60.5751
108.2213	66.0166
104.2500	65.6699
107.7786	71.6975
105.2219	66.6390
106.5592	72.5262
105.5391	70.3687
107.0959	64.6978
105.1315	60.6328
102.9969	64.1764
102.6402	61.4158
104.4920	60.9470
99.8536	68.7458
104.4935	63.9950
107.1029	64.3887
103.0884	66.7857
104.8483	61.4357
106.6225	58.7334
105.4580	59.5142
110.5835	59.1300
106.1649	56.2071
109.9165	60.5356
109.9478	59.4752
106.1090	61.7602
105.2252	52.3921
104.5199	58.6852
105.7047	60.4299
105.2649	64.3592
104.1305	63.7762
102.5074	64.3588
110.2402	68.9066
107.9815	63.3964
106.8046	60.5886
105.9294	64.3449
106.7933	59.4560
105.5809	60.5490
106.3904	60.3028
105.8406	61.3874
103.8748	67.3797
106.6620	58.3089
109.4782	61.3344
105.2769	69.7780
107.5419	69.4282
104.2227	75.7531
107.4647	72.4933
103.6966	61.5216
103.8280	56.3355
105.6301	60.5272
106.4583	64.7025
102.4744	71.8138
105.2006	61.4557
101.1615	60.4758
107.9004	62.9727
103.5241	58.7834
101.9089	60.8410
102.2528	54.1812
102.5935	57.5685
100.7551	61.4632
101.3609	64.8815
100.9239	58.3457
101.1304	65.3355
101.5293	62.2964
100.7721	58.9447
103.0367	62.8902
102.4790	65.6249
103.5999	60.6936
103.5418	64.8024
101.6139	64.1744
101.5164	63.2755
104.8287	63.9366
106.8777	66.1365
102.2578	60.3557
104.1860	60.6392
105.6520	64.9037
105.7146	63.0929
107.5962	70.9234
103.6673	70.0873
107.7573	68.7380
106.3003	63.0505
105.7139	69.8212
107.8413	67.9831
105.1489	67.4417
113.5593	65.7258
111.1666	68.5208
112.8772	68.0169
110.5911	72.4099
111.7947	70.3407
112.3045	68.7741
111.6130	64.8929
111.1756	68.5540
111.6206	68.7601
109.8597	67.4813
111.0522	65.2550
113.7861	64.4176
112.3837	57.0864
116.4255	67.1435
112.6378	60.0197
110.0394	62.9086
113.4717	71.5117
110.7286	68.0170
108.5724	57.7862
107.0074	58.9588
106.6423	59.2024
111.6544	67.0218
107.9140	57.1590
105.0037	64.1222
107.6742	70.1471
104.5851	62.9540
104.8594	61.0394
102.5861	53.6673
102.9500	55.3940
102.0968	54.4342
101.4055	58.9926
100.5393	57.4293
99.5348	45.0732
100.8773	51.7593
102.6753	53.2488
101.4162	55.3231
101.1687	58.1606
99.9586	57.5819
99.1705	59.9369
98.4091	61.4869
96.5259	58.4466
97.9603	60.0399
98.6665	55.9317
94.5935	57.5452
95.0362	59.2951
93.3402	61.8198
94.4533	57.7099
94.4096	55.9091
94.8260	51.5244
96.6041	48.7384
97.4422	52.2945
96.4338	51.1418
99.2124	55.7335
102.7123	47.5776
103.4441	49.2987
102.4280	50.1520
104.2215	54.3674
102.2917	56.1517
101.1537	54.8138
100.3042	52.0273
99.8612	56.1323
102.7513	50.9855
104.3589	52.0115
101.8694	48.1981
99.6077	43.4173
99.4888	52.9055
100.6045	46.2394
98.7531	50.9261
98.3228	52.9329
100.5094	58.9900
102.0408	54.8543
97.6401	55.5740
101.8248	55.5066
102.3861	61.7327
102.0277	58.3898
104.6109	62.3477
99.6634	58.6503
101.1988	51.4577
97.6958	43.9938
98.5227	50.2777
99.3484	50.5593
101.5049	50.2461
100.2707	51.5764
96.7533	49.7784
99.3105	51.1655
103.8814	50.9289
102.3308	51.6779
101.9971	57.5088
104.2483	53.8860
101.4103	54.3399
103.9818	54.9727
107.1635	61.0325
104.1759	57.6922
108.0430	62.1551
106.6796	66.4230
105.6258	64.3821
107.7365	69.5157
107.2557	72.3910
107.9191	61.6408
105.4501	58.7945
104.5135	57.9776
105.2769	60.6717
103.4919	61.3554
99.8775	63.2837
101.3687	57.4810
98.0943	51.4043
102.8435	56.1544
100.6803	58.4531
104.8759	53.3947
104.4586	58.1728
104.9251	55.6262
104.8955	61.6221
102.7714	61.4669
105.3340	61.8372
104.9440	67.1564
105.8072	64.1349
107.1428	62.3557
104.5769	64.5040
110.0809	62.0689
109.0590	67.5783
108.6760	60.2371
107.1964	64.9669
107.0256	67.8012
107.0588	69.6740
105.4244	69.9845
106.7193	69.1800
107.2701	68.8398
103.1012	74.3915
101.5474	73.7590
101.7065	68.4138
104.5207	65.6209
104.5658	63.7614
106.2845	69.8935
107.1561	64.7433
104.9617	55.9655
105.1132	63.3644
106.5558	58.2474
102.5436	52.7240
101.7671	45.0035
101.4109	43.8540
98.3067	47.1316
101.4906	46.9137
99.0477	52.2846
98.6495	50.5456
97.9834	46.1097
99.7525	46.4023
99.8865	39.6147
98.8250	43.9659
106.3214	62.3224
104.3577	51.6143
103.1924	63.1803
104.0237	58.3649
104.9375	62.7394
106.3569	67.8949
105.3956	69.4851
107.3559	67.3080
105.0852	61.2665
101.2925	57.4923
102.5020	51.6813
105.1414	54.4705
103.1580	46.3158
101.6981	49.7259
104.7801	44.7632
105.4824	48.6299
103.5232	48.8231
106.4064	46.0293
105.1031	46.7941
104.4768	51.4618
104.0809	50.6099
105.3671	46.0353
104.7454	48.1667
103.4725	53.5959
102.9521	47.8601
107.3485	50.5972
104.4870	51.1349
101.2971	52.5812
102.0203	48.1978
102.6512	60.9550
102.4304	59.9815
103.0090	57.4640
105.2438	63.5112
101.3255	61.8300
98.9697	61.0930
102.5285	61.2225
98.8602	59.5230
101.6297	56.0086
100.3497	56.2463
98.6654	56.5242
99.1571	58.1075
98.1933	58.9735
98.0277	59.3107
97.7461	57.4176
95.5864	58.1552
97.1166	56.1689
97.8460	59.6181
96.3457	55.9508
97.3722	60.1525
100.2595	60.7418
102.7347	60.5886
102.6911	55.6401
101.1764	60.1483
100.4595	58.3341
97.7966	56.8818
100.5013	55.2008
100.5881	59.8103
98.8017	56.0898
99.5299	58.6259
101.2030	60.9073
100.9130	59.8509
99.3750	62.9589
104.8681	59.2325
102.6165	62.2681
102.6622	60.9119
103.7713	56.7109
101.8953	57.2404
103.4748	62.4581
101.5181	60.1999
100.2541	59.9560
99.0468	60.8145
103.4845	60.1576
101.0739	56.7830
101.8898	61.0118
101.6320	58.8078
102.5556	59.0187
105.6873	60.4525
102.2405	56.5296
104.3667	63.8118
102.2290	64.5900
103.2695	62.3472
101.8400	57.2695
101.5037	57.8055
103.2253	59.4421
107.7344	58.8193
111.3722	65.3326
108.3482	58.5299
112.0557	63.2431
112.4273	72.0792
111.1549	74.7302
110.5527	72.4865
109.9906	67.9713
104.8589	71.9016
109.2162	71.4579
111.0460	63.0631
108.7299	66.6451
111.8216	72.1421
111.8479	73.9588
108.6860	61.4899
109.3163	70.4656
114.2929	60.0386
113.5984	67.4074
113.2850	66.3937
114.4796	75.7287
111.8082	62.5470
117.8279	67.9884
115.3063	70.2816
115.4173	69.8843
113.1479	76.3134
112.9032	71.9069
112.1526	69.8928
110.1318	59.6332
109.3979	64.5520
112.8131	65.5318
111.6001	66.8559
109.7382	59.5543
110.3090	61.2490
114.5446	66.2487
109.5397	63.1350
110.1248	65.9161
105.3644	67.1959
111.3257	66.1663
110.2149	60.1984
111.1074	59.8154
111.7483	59.2493
111.7934	62.0005
111.5782	57.7217
113.9282	62.7801
112.8946	61.9659
111.1395	69.5712
111.4729	64.3519
110.0869	68.3629
110.5737	72.3798
117.0660	65.6870
111.8029	65.6797
115.9232	71.1933
115.6731	65.6220
114.9030	66.6178
114.0561	63.4546
116.4044	65.6579
115.8946	61.5191
114.6366	59.5360
115.2847	62.8212
116.1948	59.3392
113.8056	60.6888
116.0690	59.6545
117.2637	65.1796
117.7911	60.6554
114.5597	56.8040
114.4290	54.2187
118.3207	61.8887
118.5777	60.6556
115.1786	55.9597
114.5910	60.4132
114.8148	56.3895
117.4590	49.6429
113.2428	55.6690
117.3231	57.3529
117.3922	61.8382
114.0687	55.9370
114.7526	58.5951
112.9580	55.2615
117.9769	56.3565
115.6781	56.7032
117.7223	55.9931
116.7587	59.6684
113.0139	57.0360
111.2370	57.3230
113.4443	57.6600
111.7340	65.4174
109.0752	61.8436
111.9568	62.3695
113.8148	67.6423
111.4043	63.4925
109.8239	69.9259
109.1161	68.3946
114.5676	72.6100
115.2815	71.5352
113.9253	72.1868
111.1434	70.5917
110.1903	65.5764
108.1814	56.9952
109.5187	54.3268
107.4860	58.7323
106.9556	61.7358
107.4539	60.9366
109.9462	61.2504
105.7067	57.6673
105.7975	56.8529
107.2566	64.7085
111.1241	66.3083
108.6710	64.5202
105.6142	71.2108
107.9005	66.3209
106.4128	60.4863
105.3638	63.0839
107.0394	60.5309
103.5663	59.5515
102.8825	60.2280
103.5255	60.5476
104.2452	53.2957
108.2686	68.5311
107.8870	60.5279
107.7227	63.1166
108.4620	64.9013
109.5438	61.0110
112.2632	64.7247
105.3569	64.1346
101.0446	70.0545
103.6750	65.2184
110.3407	69.3361
106.8383	62.0884
107.0745	57.2219
108.8978	57.7568
105.8277	62.1697
104.5417	55.4660
106.6311	61.2854
109.6347	51.2134
110.9512	58.9411
106.8760	63.8300
110.7333	62.6429
107.0582	67.1808
111.7147	59.1619
109.0340	64.6982
112.3255	70.7323
108.9482	72.1116
111.9788	70.7184
111.5480	68.7154
113.4578	73.3223
111.8606	72.7115
113.7152	68.3344
110.8932	68.1997
110.4444	71.7264
114.5860	64.4225
114.5005	69.7490
113.8708	61.4576
114.1822	64.6633
113.4725	61.9466
111.5769	60.8556
110.2309	63.3554
110.9724	62.4325
110.2506	57.4649
111.2971	59.4676
112.1890	52.5203
109.6911	53.5669
109.9679	56.0863
106.4752	48.1452
112.0001	51.4592
109.8250	62.1828
109.7414	69.1921
111.2458	67.2875
105.2804	64.3803
105.6964	67.1230
108.3843	65.1093
106.9473	61.0407
110.7841	56.6089
116.6858	59.5924
111.1945	61.4262
110.3232	57.9048
107.3982	59.0470
108.3486	60.2307
111.2663	57.2619
111.8514	54.3063
106.8192	54.7563
105.1951	57.4328
106.2880	54.6772
104.4088	58.0290
105.9604	53.9516
106.1645	56.0773
105.8224	55.5138
109.7023	57.3572
111.8229	64.3845
110.0355	56.3921
108.2414	63.5518
107.4404	57.0434
106.1565	54.3883
106.0972	56.7056
103.7363	57.3484
108.0637	55.7686
109.0500	57.9771
105.0755	59.5573
107.9525	66.2724
105.5726	57.2700
105.8131	53.1131
104.9222	55.7499
104.6257	55.2830
107.8044	58.9731
107.7926	57.9468
107.9575	57.1759
106.0973	55.8502
107.1666	57.4606
109.2621	56.7411
109.3415	58.5579
111.5463	62.2879
109.9331	57.0983
107.0855	60.6076
109.2313	58.3630
110.6011	64.5732
113.5478	70.0060
107.9534	63.4525
113.7390	65.0184
111.8408	67.7446
115.0663	65.2533
111.8240	70.8978
114.8146	70.8345
112.8455	67.4054
107.4720	68.1555
110.9300	73.7629
109.9284	62.7412
105.8271	63.8458
106.7214	64.9605
104.8046	65.6270
107.7011	58.9424
106.1912	56.7266
109.6655	65.1124
108.1597	61.5593
106.0101	63.9905
107.0414	63.6485
109.6416	62.3411
109.4490	59.9445
112.6166	64.2546
112.2730	63.1214
110.7979	74.8443
108.8211	64.7583
110.6579	70.0928
107.2963	64.3479
108.0694	62.9845
109.2994	66.8793
112.1712	68.0990
112.0977	64.3936
113.0417	64.1383
112.7024	66.9420
116.6077	72.3823
116.8211	79.9157
112.0467	71.5504
113.5803	70.1334
110.5303	67.9069
114.7833	69.3591
113.8273	68.3339
112.5416	68.5873
109.7625	63.8732
110.0808	69.1081
110.6799	65.5282
108.7818	71.5077
112.2605	66.2061
110.6024	69.2873
111.6577	70.3568
109.6821	65.5967
112.5920	68.2811
113.9397	63.6217
116.8351	71.1604
114.7685	68.8450
112.9109	68.3625
118.0658	75.6162
117.4262	69.2110
111.4937	73.0483
117.9355	70.4476
115.5284	70.2368
114.9500	70.0837
114.7792	71.4663
115.8814	66.0061
115.6432	70.3253
117.6089	74.1814
118.2584	79.5265
115.5592	75.0612
115.8573	71.9152
113.1472	69.9605
116.1063	74.5759
115.0318	71.6585
112.9121	69.6518
115.2981	65.1849
118.1747	69.7198
114.2590	73.3203
115.8610	68.1263
110.6735	72.4110
115.8730	77.0977
114.5223	70.3500
115.4887	70.0384
110.8482	71.4746
111.9074	71.7682
108.3749	68.3666
113.4344	66.8596
111.2905	62.9168
108.8593	68.6909
110.0541	66.0970
107.2451	65.0607
109.9279	61.0247
108.3945	54.1279
105.6247	64.6464
107.7172	57.7910
105.1761	65.3057
104.6696	62.1842
104.3529	59.2085
107.2884	62.7213
107.7990	58.7391
107.2887	60.2549
108.1339	61.1178
106.5657	66.0970
109.1861	74.0047
108.6863	70.6017
110.0641	63.1258
106.4501	64.4703
106.2775	69.8526
108.3512	70.9268
115.2883	78.5746
113.8620	77.8779
114.9977	68.1521
114.0300	67.3266
117.4495	70.4080
113.0944	73.1836
114.5913	68.0132
115.0716	73.6518
115.1370	70.9606
113.7631	74.3439
115.3160	71.7283
114.7897	79.4742
110.4253	67.2170
110.2231	72.6583
111.8346	68.6322
111.6005	68.1460
111.7925	75.7975
113.8802	71.0038
113.5554	71.1206
111.6038	66.3057
109.6284	70.9457
109.6936	77.8595
108.2947	68.7692
111.2725	61.1068
112.0830	63.8886
112.4211	65.1705
113.6229	67.9687
112.0530	70.8201
111.0869	70.6106
114.2489	71.2099
113.8061	65.1420
112.0711	67.5415
115.7646	66.6465
110.1324	66.2556
111.8096	64.6701
113.7702	66.6590
111.4484	61.9332
116.6155	69.6463
118.0916	71.1595
116.5548	66.4851
116.5762	70.5863
114.4196	65.2228
114.2803	55.2277
113.1246	60.2765
111.8758	61.2967
115.1279	68.4338
116.0914	68.4512
115.7613	76.6010
114.7175	75.2940
115.1512	79.2325
112.2477	73.3676
111.6889	70.8462
111.1902	68.9794
111.9189	70.6553
111.5108	67.8205
113.4467	61.8290
110.7221	76.0067
115.7258	66.7601
114.2371	66.7693
115.9452	69.1318
113.9837	65.8251
116.3488	71.2874
116.0662	68.9722
115.1118	61.5501
114.0452	64.1478
114.3834	66.8792
114.3206	73.5811
113.0093	65.9620
113.2874	64.1126
111.7615	58.7233
113.3170	55.8832
113.9344	61.5886
110.5257	65.7046
114.5690	65.2526
115.2420	69.5499
113.3022	78.7582
113.8453	76.5413
113.7918	77.4541
111.9361	67.0954
111.8741	73.6817
112.3896	74.2530
110.7507	79.0710
113.2531	72.9358
117.0552	76.8378
116.5595	77.3565
115.2668	73.0114
116.8167	84.6395
114.7264	76.1896
112.4222	71.4436
108.4176	75.0709
104.8260	66.1529
107.2881	64.0465
102.3033	60.8592
104.1104	70.1566
103.6691	72.1090
103.7095	73.6042
109.3657	79.8565
108.8282	78.8347
105.8056	72.0550
101.0318	61.8540
101.3145	64.6636
96.9569	60.5829
98.8452	62.1579
101.0570	63.7217
101.0190	62.3202
96.9050	59.6061
96.9548	54.6220
99.1771	50.9754
95.9214	51.7632
96.2059	55.7991
99.2570	55.1622
96.5259	53.7940
96.7713	56.9410
96.2508	54.4343
93.1177	53.0547
93.0570	52.5711
96.6419	52.7980
98.9910	48.2447
97.1879	50.7696
97.3994	58.3227
98.2434	62.9397
98.2015	61.9839
100.8370	65.7601
104.2075	69.2764
101.7380	74.6321
101.7177	68.2354
107.8838	68.3777
110.8529	66.2483
106.8641	71.0791
107.3633	65.8338
108.7024	63.0629
106.8161	55.5872
108.7071	64.1641
109.3128	64.7139
110.0779	67.2669
105.3923	65.6234
112.4934	70.7460
107.5328	66.1221
109.9966	59.4397
109.3805	67.7001
113.9947	73.3361
107.7948	72.9137
108.6616	73.6941
108.0401	70.1813
107.0960	76.4107
108.1816	77.5649
111.3035	77.9142
112.1787	79.7540
113.2379	79.9729
113.2738	86.0481
107.8456	91.5791
101.8342	83.5255
103.9538	86.1040
103.8976	81.4934
104.9736	84.6130
105.7389	77.7213
104.2869	73.3353
106.5966	70.7365
107.4714	69.3210
102.8717	72.7525
104.6160	71.3779
109.6273	74.5988
104.6410	70.9127
105.3634	76.1406
106.5590	67.9237
109.6722	72.7908
108.4521	71.6130
109.8732	67.6050
106.8055	69.9525
109.0285	70.0974
108.8087	69.5243
111.1548	71.2996
114.0018	72.9789
112.8590	73.2248
113.9981	70.3638
116.4479	66.8169
113.4003	67.1454
110.5125	66.5645
108.9000	62.1687
112.1872	63.2178
112.4570	65.6799
110.3576	67.7997
113.6035	73.5874
110.1297	72.8881
110.7994	72.5597
112.8067	74.0911
106.9211	70.5210
109.0071	65.7044
110.7852	66.5092
106.9558	63.8650
108.1108	67.3394
104.1925	60.6100
108.7781	61.0997
110.3110	59.8752
111.8193	67.2591
108.5835	65.5225
106.8780	66.2633
109.5647	59.4823
107.7112	52.2114
107.4016	52.6511
112.3995	55.2325
112.2914	59.9096
112.9403	58.0612
112.6003	64.4750
112.8051	61.3308
108.4209	58.1364
103.5224	52.3309
104.0014	52.3319
105.7199	51.0382
107.2359	45.0875
105.7791	58.0740
106.2915	58.4105
112.4192	60.2746
110.7849	61.4973
111.5946	65.4100
109.6375	69.0073
110.2475	65.6836
108.4312	66.5707
110.1769	72.3344
109.4264	73.0473
108.7428	74.3828
113.3074	71.8922
114.2206	74.4221
112.2909	66.0898
115.2234	65.0751
112.6749	60.9534
112.0124	59.6255
113.1272	67.0194
111.8492	65.9726
113.9285	67.9551
108.4890	66.8237
111.8521	70.4205
108.7335	68.3102
107.6788	71.4899
109.2683	74.2207
108.4149	72.6215
110.5550	72.4744
110.0761	67.4113
104.7568	64.1712
109.9645	68.7141
117.5696	68.6461
114.1360	61.3288
111.0059	72.5071
116.5867	73.3657
113.6484	72.2618
112.2773	65.5777
108.8147	60.4111
104.7869	58.5458
106.3592	60.6613
104.5720	58.7815
105.4425	62.4984
100.6616	63.1647
101.8131	59.7384
100.2997	60.4584
99.0714	66.1334
98.6496	61.7925
100.1861	66.8787
101.3119	64.7388
100.8516	69.3634
99.7951	60.1954
99.3380	67.0039
100.9649	62.5008
103.4185	63.7597
99.9610	61.8586
98.6084	63.9080
100.7534	65.9542
100.4759	62.3772
104.4940	67.0330
100.4958	60.1555
101.4765	61.5651
100.5761	63.6393
98.7255	59.8985
102.8054	57.4370
103.3486	62.8760
104.1320	66.4019
100.8177	64.4631
103.6721	70.8164
106.4596	71.3559
103.6891	64.2638
103.4206	61.8776
101.3217	62.8551
101.9557	64.6919
102.2262	67.0165
102.3561	63.6629
102.7422	64.7844
104.8843	64.7664
100.2013	64.1909
100.5252	56.6964
101.1786	58.6567
103.8519	62.2842
103.1234	56.1492
102.8890	62.8630
98.6943	57.8488
99.7515	61.4740
100.8333	51.9444
102.2988	54.3417
100.5868	56.5421
97.2764	53.0895
98.0117	55.6542
97.5399	62.5211
99.0706	60.7299
96.4402	58.1571
100.6881	64.7175
96.2910	64.2451
94.1873	63.6881
97.5934	66.5985
97.4029	64.1946
98.9980	65.1004
98.1800	63.1586
98.7381	63.0502
98.3953	63.1325
100.5869	62.5597
100.7405	65.4432
99.6038	61.2611
97.5889	59.0917
100.8288	64.1435
100.5355	64.8073
100.2158	66.9236
101.6955	66.3669
100.3425	66.9395
101.5886	59.7787
101.2494	61.1439
102.3810	63.2966
102.3175	63.9447
103.6059	75.9185
100.5342	70.4295
98.9166	72.1371
101.3022	68.3324
100.6840	62.4809
99.1138	65.5457
100.4353	70.4829
97.5386	66.5501
99.2292	65.0772
97.0808	66.3289
101.0087	68.1508
98.9520	66.7850
99.9290	60.3681
100.1680	69.1366
101.9272	68.1579
102.3288	61.4645
102.0121	64.7585
102.2998	64.6815
102.4560	64.1624
100.3531	59.1239
103.3038	54.1343
99.9013	54.2431
100.8623	57.6637
99.7597	58.4814
104.9507	54.8639
103.7918	54.2867
102.4854	55.1413
101.1777	53.2875
98.3910	54.2942
95.5637	59.5468
99.5286	61.3060
100.2237	65.1424
99.0013	65.9768
97.5768	59.1099
102.2859	62.9792
100.5803	65.8936
101.0156	70.6840
100.9668	61.4829
99.7590	63.5950
102.3379	64.7982
98.5167	60.2023
99.1663	60.2502
100.9324	61.4024
101.6215	64.9030
104.2673	62.8091
103.6239	61.0351
103.8354	56.9521
102.4419	62.5682
102.7106	61.4305
100.4573	64.0951
100.2025	60.2519
101.0823	65.4212
102.2915	64.3078
106.3009	68.7298
104.7287	63.4568
105.2249	63.7271
105.3130	66.0002
105.2475	61.9478
105.7772	65.0512
106.7883	64.3887
107.4246	64.5590
107.7492	69.8505
109.0714	70.9597
103.5090	72.3268
102.9389	67.9823
104.1350	70.3195
104.1075	73.3859
104.5123	73.6044
103.8863	65.7174
103.9936	68.2976
102.7553	73.2988
106.5803	63.3371
102.8292	64.9111
104.1050	67.4855
102.5361	76.7248
106.3479	71.4306
105.4279	62.9912
102.4513	65.5285
104.2278	65.0329
101.2892	65.2575
102.6295	69.1468
101.3261	65.9952
101.2846	71.3317
100.3027	58.1434
98.2857	59.9849
99.5296	67.4247
100.5091	65.1239
100.4616	64.7154
100.5553	69.9296
99.6203	67.3356
102.5912	70.5723
104.4988	72.6523
98.7568	68.1742
96.7830	63.7275
99.1566	63.1100
98.8646	61.1102
101.5524	61.9757
102.8561	64.0977
101.1936	61.5160
101.5983	62.0293
102.0863	59.5929
100.1030	58.1986
100.1670	55.5320
102.8202	56.1689
100.6289	66.3497
103.0567	64.0164
101.2363	64.7369
100.8159	56.6196
101.9189	63.2217
101.1702	62.4930
101.7805	67.0631
102.9779	56.2895
103.3018	66.2110
102.7872	64.6846
102.7847	63.4126
100.5505	62.1252
104.2011	65.4281
102.7092	70.3935
101.3468	71.9819
101.2408	71.3947
101.8284	66.1824
97.5191	58.0970
98.0910	64.8729
104.7280	71.6054
103.3657	72.0995
101.8490	68.1744
103.4345	67.1380
106.6518	66.3965
104.0015	66.9385
102.2219	67.4614
100.6964	68.8557
99.9442	68.3698
97.7888	67.2109
103.8198	70.9394
104.0634	71.9975
104.0778	71.9327
105.7553	72.9994
104.4480	71.0502
106.0175	73.2125
105.7224	75.2481
105.5704	69.9312
99.6294	70.7295
104.3823	67.6386
103.1171	70.4324
105.2742	71.5740
102.4205	71.8968
103.5364	68.8044
101.0581	64.1587
98.3452	60.1998
96.6402	59.9695
97.4342	56.9746
96.8758	59.7729
98.7449	60.3748
96.9285	50.1522
102.2760	66.7695
99.5611	56.9000
99.1406	68.1957
99.3125	63.5582
99.8899	62.2745
98.0164	61.7906
97.6362	66.6461
100.0873	58.3261
100.7470	61.2965
100.2680	67.0305
97.8656	66.5786
100.2863	58.4192
101.1204	57.8790
98.8791	58.5464
95.9339	59.8260
98.0206	59.6365
97.9278	62.3847
98.8475	63.6794
98.8356	63.2787
97.9299	63.1399
97.5032	61.8413
100.7183	61.6517
99.8905	62.9178
99.1976	72.2991
98.1291	71.8363
95.9679	69.5044
97.3577	65.6828
100.2300	64.5471
100.3754	63.8694
100.0052	65.5380
102.1562	64.9278
102.9952	67.2024
98.3430	71.7389
97.4091	67.8971
97.3080	70.8393
94.1869	66.2689
99.2557	64.8161
95.9292	65.9206
100.1985	64.7258
100.6788	64.3143
97.0802	62.8533
99.3206	66.4405
97.4121	61.6088
94.6531	68.1825
96.9564	61.0723
97.4286	60.8384
98.2380	55.6941
99.0214	62.0585
101.7813	69.5368
98.4718	64.0087
95.6173	68.3837
97.1779	61.1929
96.2485	61.9048
94.6706	59.0040
95.9211	57.8144
98.1950	60.8314
98.6345	59.5835
97.0037	58.1364
99.2139	65.8642
97.9739	63.5307
99.3497	63.2718
99.9442	62.6924
99.9657	62.4906
99.8928	66.5438
100.0977	61.8390
99.3753	60.7398
96.9411	56.1811
101.6389	59.6036
101.6326	61.1445
100.9668	60.0248
100.1449	57.2639
100.0908	60.0524
99.3488	56.9759
100.8831	60.6272
101.7995	65.3917
99.8970	68.0694
99.5876	67.3842
100.4563	63.4096
99.8221	69.7749
99.5956	69.2075
100.4909	63.7986
99.3925	66.0353
102.4744	71.3778
102.9548	66.0332
99.5429	60.6807
104.1262	63.2203
103.1386	63.1340
101.6607	57.3746
104.8366	67.8552
101.9579	66.4559
103.4656	69.5125
104.4953	69.2811
105.6653	73.7535
105.2400	77.3230
103.8398	69.8670
99.6486	62.6883
98.4220	69.4298
99.0601	65.5107
99.1713	65.5597
101.9097	57.1966
100.4644	64.0697
100.8007	63.5175
101.3748	63.3552
99.9632	60.5899
99.9852	63.5810
99.3808	62.9636
101.0198	62.1508
100.8664	66.3074
97.1163	63.9986
100.0236	58.9334
99.6053	61.8372
98.9108	63.9403
100.1582	58.8410
100.0674	62.3449
97.3780	60.4493
98.6902	64.8981
100.5545	63.4077
103.7541	66.2194
115.5633	79.3565
112.1534	77.9173
118.0367	76.8463
115.8261	77.6074
119.7158	81.8883
116.1906	76.7507
112.3585	79.0469
110.8594	80.2668
109.2541	77.5369
108.9267	66.8707
109.9715	70.4105
109.6927	70.6442
109.4866	66.4707
111.7079	71.1261
111.2100	63.1467
108.7103	61.4254
112.5645	67.3984
110.9377	63.2945
111.3086	65.1088
112.3512	61.4691
106.0714	60.2472
104.8569	54.9765
106.1767	61.9506
103.9577	59.1758
103.9466	56.6835
102.9886	58.2268
106.5597	58.7238
108.9179	62.0021
105.7802	59.5156
105.8918	62.0415
109.3119	58.3701
106.5074	61.9068
109.2623	54.8081
109.8354	59.5429
111.7332	60.5105
105.5036	52.8998
102.4058	61.7503
107.3495	59.9423
107.6390	60.3210
110.5202	61.0626
110.8873	60.1742
106.3606	64.9603
104.0713	53.4237
106.4582	57.8011
105.8327	58.0669
109.7687	57.6356
107.9217	51.4663
105.8002	59.5549
106.3631	57.5586
104.9098	56.1244
106.3122	49.5650
107.7065	52.3624
101.4743	50.3300
103.3614	49.4550
97.9883	53.1780
100.1347	57.6959
97.6358	53.9153
98.0238	55.9401
102.1499	51.8656
100.6919	53.0955
98.3124	51.8054
100.3107	52.1732
101.2397	56.5381
100.5784	54.9443
98.9681	60.8541
100.1302	57.6370
100.4999	55.8378
100.8099	52.1576
103.1230	49.6192
105.0071	46.4374
102.0384	53.3699
105.3324	52.0097
107.6072	54.9964
106.4391	54.4385
106.0997	52.8928
103.4862	51.7413
104.9246	48.3642
106.5968	50.7177
107.2466	53.9628
106.1646	55.8851
107.8451	59.0987
107.5482	54.1326
106.8985	58.9707
107.1012	55.3790
105.6897	59.1990
103.4059	54.6750
102.8446	54.9723
103.0498	49.2058
104.2896	42.8451
101.8257	51.7412
103.2236	53.2442
101.1414	55.1358
103.0331	55.4464
103.6757	58.8878
104.9335	53.3512
103.1448	50.9716
105.4960	52.4431
103.4950	62.0702
106.2556	62.4055
103.8963	55.9322
100.8149	52.0959
104.2971	57.9943
107.1363	62.7644
105.6016	53.1549
105.7730	52.9624
107.7760	45.5728
107.8948	51.1252
105.8243	48.3008
108.0376	44.8666
108.0284	49.0661
109.1710	52.2243
106.7864	51.0073
105.4337	50.4289
106.5469	47.5005
107.8886	47.2795
108.4998	50.4140
107.6028	48.8062
108.1405	52.8134
105.6550	46.5673
102.6632	50.7114
105.2191	52.0588
102.7640	51.6474
100.8605	51.4970
100.7383	62.2840
101.6070	58.9290
97.9157	52.5045
99.6943	56.5373
93.7238	56.4631
95.5937	58.0866
101.3974	57.0277
99.7901	52.4459
102.7939	49.7895
101.5874	55.2156
103.2074	58.5630
103.1033	54.4209
100.1538	50.6666
101.4591	55.7290
99.8126	50.0319
101.8156	47.6778
97.7863	56.3987
100.8473	51.8021
105.4366	54.8494
106.6945	65.7050
102.0715	61.0407
102.1907	66.4398
104.2800	61.2103
104.9336	60.0055
102.6065	60.2852
105.8312	61.6174
105.3609	61.9000
102.1763	54.1352
101.1720	55.8513
100.4540	49.6144
108.1948	54.6208
102.8518	53.5345
100.5473	49.4891
101.0691	46.0470
99.2863	51.1607
98.3744	49.2578
101.2153	49.9007
103.5428	50.4483
103.6164	56.9371
102.5910	58.1335
100.6005	58.2465
99.2638	56.9546
99.5162	66.6285
99.0419	56.7824
100.4217	56.1242
101.3770	55.2339
98.8998	51.2689
97.3896	55.2506
96.1592	53.8796
96.0893	57.3015
97.3568	61.0536
96.6812	59.4060
97.2795	60.7362
95.7328	61.2500
97.9295	61.8720
97.9280	59.5049
99.5425	61.8094
97.9213	56.3147
97.3999	55.9505
95.0718	53.4941
95.7012	58.5338
94.3056	57.3737
95.0985	57.9832
95.7310	55.9244
98.9139	61.6605
94.2113	58.8340
96.8997	56.3743
98.6954	56.5023
94.0410	60.1988
95.3100	58.1148
95.5292	50.2609
96.7234	52.7119
98.5520	59.5391
97.2981	60.2440
96.9940	53.6360
95.7470	56.5803
96.6947	55.8921
97.7897	56.4029
99.8058	56.0570
99.2194	59.1765
96.5884	51.7386
97.8676	58.2190
94.7974	54.2147
95.9613	51.1999
96.0685	55.3207
94.1488	54.7704
93.7498	57.9954
94.9280	50.2684
96.9707	55.5444
98.1444	55.3352
100.7612	58.7558
99.8455	51.2596
99.8539	49.0129
108.1298	53.3884
107.3162	57.1964
105.8809	57.0855
103.7424	57.9341
108.8516	62.0397
111.1927	71.8068
111.9708	63.1113
110.5308	62.4472
112.9572	70.4310
112.7927	68.3209
114.1348	66.8341
109.0252	55.9000
112.2417	65.7799
109.7771	62.9688
109.1054	61.0715
111.6370	60.6697
108.1718	60.5294
104.2187	62.8551
107.1853	69.1234
105.2190	61.6326
105.5857	55.6308
106.7976	64.2970
105.3823	58.5060
103.7365	62.7443
106.5989	61.7099
104.7404	57.3762
103.7094	60.7195
103.5906	58.3244
102.8828	57.4935
103.7280	54.7550
101.8481	58.2219
100.5901	67.4183
99.5737	57.5261
100.2186	61.7557
97.5443	60.4960
101.0631	55.6782
100.4074	52.2801
100.8075	58.0404
98.2606	48.4224
98.7387	46.8524
98.6208	50.2238
99.8853	48.9591
98.9581	57.5497
99.1963	56.0093
97.7633	54.9250
99.4719	62.8221
102.1932	60.3366
98.2961	65.7659
98.6735	61.3563
101.7608	65.3846
104.0559	64.2674
103.6274	68.2904
102.4459	62.5392
100.5361	62.5724
101.0024	60.8006
102.5988	60.7992
100.5275	60.5707
101.0258	61.9587
99.9105	56.6312
98.4497	53.2532
101.4567	57.2341
102.3674	57.5733
104.3738	58.8448
102.4781	60.9558
101.9828	56.8162
100.0431	63.1951
100.4157	56.9745
101.3049	55.1091
103.0926	60.4711
103.2170	53.4685
104.2884	52.2867
102.2845	53.9445
103.3191	49.7948
102.9818	51.5314
100.7585	60.9352
98.1518	50.8853
100.1142	48.1298
103.4297	48.8280
100.8818	47.2714
98.4679	48.1177
100.0545	53.3146
100.7752	61.5948
99.2915	58.6432
100.1121	55.2581
100.5008	55.6681
101.8201	54.8447
101.2667	55.1463
101.2611	66.2794
99.1065	54.7325
102.0070	57.0653
103.5727	55.3431
99.0682	54.9844
100.5534	52.5884
105.1296	57.1238
104.7993	57.5099
101.9795	58.5190
101.5630	61.1862
102.3490	58.0936
102.6963	55.4091
103.2461	43.5456
106.7927	45.0611
101.5559	48.8513
99.2948	45.8444
100.9237	49.5086
97.3227	44.8582
96.4927	43.1920
97.1554	42.4800
99.5474	46.2224
98.3897	43.5702
98.8265	43.1354
100.0937	43.8364
99.9239	46.1500
101.3232	53.5900
98.1068	57.5121
99.7120	53.1972
99.9959	51.7699
98.1987	48.1321
96.3201	53.5583
101.6040	48.7557
98.9835	54.0991
99.5229	53.9131
97.8738	58.8999
101.1132	62.9416
100.0225	59.7733
97.6540	60.5644
99.5825	60.2905
99.0753	63.0466
98.2596	62.1419
104.0890	59.5371
101.2801	55.7722
99.1393	56.4985
98.4611	56.0519
99.2465	52.2939
101.0598	58.2750
101.8545	52.8138
100.5811	54.4929
99.7728	52.6467
101.7148	51.1736
101.6350	58.5932
101.1608	51.1233
98.2020	57.3205
97.6736	58.5965
98.7748	54.2607
100.0490	60.1461
104.2778	58.9883
101.7774	55.1130
101.2145	51.6159
100.1821	53.6195
99.5718	51.0592
96.2401	51.7610
95.1751	55.8865
95.7652	57.7809
94.4061	54.8090
96.1652	56.2339
98.1500	57.3782
101.9000	65.9089
99.9976	53.2128
98.7977	60.0699
95.9444	57.4347
97.9123	61.5453
97.2821	58.6890
101.0734	60.5410
102.0236	61.1476
102.2556	60.7567
101.5097	55.6954
99.5095	60.6601
100.9309	56.2394
101.3824	54.2112
99.0798	56.3925
99.5321	54.3377
99.4081	60.6668
97.6103	57.1398
99.4884	58.9963
97.3220	54.8620
101.6462	57.9886
101.6506	59.0465
101.7884	63.1658
102.9677	63.1529
98.7366	67.4728
100.2887	63.5200
100.0368	64.3011
101.2246	60.1108
106.3876	58.7715
105.1786	66.1434
103.2983	59.4480
101.4293	60.1872
102.3524	63.1253
102.3632	64.4296
104.0860	54.7123
101.9327	53.7446
102.0640	66.5561
104.3194	59.4038
101.7235	60.9471
103.9497	59.2560
100.5153	52.1696
98.8950	58.4985
98.8498	56.7491
99.3452	57.0422
103.3047	57.1233
100.1624	62.7103
101.3584	62.8402
102.1111	61.0872
100.1148	59.8394
102.0020	59.5345
104.4142	61.4125
100.8704	65.7538
102.6017	60.7850
100.5041	56.7662
99.9788	52.1564
100.2060	55.3989
100.2903	56.7530
101.2702	53.1004
103.3139	55.1107
101.8648	58.5498
105.6234	54.9760
107.3057	60.6444
105.2994	64.5783
107.1884	65.7932
103.9024	62.3403
103.2759	60.2617
101.4590	68.1451
101.6712	69.3789
103.8442	66.5320
102.5407	69.0786
103.0761	66.0673
106.5285	66.1817
105.4149	68.8425
102.1794	64.8379
100.9249	64.1888
98.6972	63.7472
102.6244	72.4101
99.7470	56.8963
102.1568	60.1476
103.5399	66.4747
100.0844	60.4531
101.5722	64.9461
100.7593	65.9343
100.7841	62.6087
102.0190	67.1084
104.5116	63.1117
102.7279	63.1821
102.3093	62.7374
100.1652	66.4036
102.7097	73.1584
100.9807	63.2279
101.5732	67.2172
99.6027	62.1578
101.5526	62.3817
105.0462	66.2941
101.8840	65.8868
104.7462	62.7513
101.0627	65.4382
101.0881	68.3738
102.9449	66.1478
102.9229	62.9245
103.9836	55.3307
107.6248	58.8640
103.1846	61.2723
100.5245	55.8815
96.1025	51.7238
99.8288	51.6662
99.5382	53.4908
102.0696	60.5758
102.8288	56.6280
101.5839	61.5241
102.8432	60.2373
100.6849	58.4844
102.7934	54.9350
102.3019	59.6396
98.0192	56.4237
99.0484	64.6492
100.2017	59.1927
100.2451	57.4560
99.5194	60.1438
102.5920	57.2979
100.4164	60.4546
100.6806	61.3070
97.7185	53.6836
101.6204	62.0507
99.9937	56.7979
99.1182	53.5126
100.9566	54.3805
100.1488	58.4650
102.4143	48.6670
100.2297	79.0650
98.8093	76.2160
96.4108	72.9768
98.4226	70.9714
100.0196	69.6126
99.3354	72.8470
98.8213	77.1754
99.1925	77.6914
101.2589	82.4126
98.7656	79.2403
102.3756	75.5693
100.3874	78.0311
103.4901	72.7384
99.8585	72.2625
98.4619	63.3738
98.8085	65.1016
97.0043	65.9848
97.4748	64.1005
99.4902	63.6702
98.7100	64.7513
99.3279	65.4617
95.9696	56.6060
98.6776	61.2595
98.7551	57.9964
97.6098	62.3745
95.0452	59.4182
98.1345	64.2124
98.5950	67.4939
99.0315	58.4755
100.9645	66.6802
100.8357	62.9303
95.8228	68.1927
99.4694	66.7066
96.0912	63.6662
98.3087	65.6883
97.1992	59.7651
95.3476	63.6496
99.9351	62.0348
101.0433	68.6205
99.4598	65.9012
96.7580	71.1501
98.8816	66.3227
100.7168	62.6875
98.8083	63.2578
98.4297	62.8222
99.1053	60.7074
100.1348	59.4730
101.1389	54.9916
102.3293	51.6016
100.2598	52.4643
101.9785	57.3411
100.5146	58.4840
98.4606	48.0773
99.8097	57.8170
99.2069	57.4703
99.6121	56.9341
100.0612	56.6759
101.5275	56.2539
101.8252	57.5075
103.4721	57.3183
100.3260	61.0679
99.5035	63.3449
102.8832	59.5068
106.4830	62.4772
103.2138	57.5823
106.0804	61.2877
105.1911	55.7464
107.5207	58.8258
109.2913	56.3417
111.4056	63.3342
113.8329	62.8049
112.0683	62.4217
112.3558	63.2305
107.9429	61.6216
109.3747	63.4621
105.5159	60.6920
107.2436	59.7350
107.2363	59.3973
106.7770	58.3077
106.3410	62.4151
105.9799	60.9131
108.2337	57.8344
109.5059	62.3258
109.5212	62.1511
113.3656	60.1837
115.5649	69.1852
109.6375	56.8001
109.5713	59.3553
110.6041	56.5561
112.5337	63.1268
113.3902	71.2657
114.0727	63.4755
118.3607	69.2640
120.6669	73.9887
116.8559	64.6945
115.9643	72.0676
116.8212	79.0970
116.6502	76.3696
111.9761	68.4331
116.5373	69.0823
118.7406	70.7796
117.8116	72.9746
118.1168	75.3489
117.9923	69.3852
112.6943	64.8042
116.6179	69.7427
119.4496	63.8795
116.3219	69.0642
118.7581	61.3295
122.0979	65.0056
126.6487	63.6359
125.1983	56.9209
132.5520	59.0171
124.5428	56.1458
126.4752	70.9611
125.5937	68.3284
122.5433	70.2294
126.1971	68.1057
119.4671	57.3642
120.0339	61.0516
118.4128	60.2935
116.3930	64.6015
121.0716	66.2164
118.8618	69.2855
122.0219	62.1669
121.9209	70.2853
120.8074	64.3930
124.6314	62.6020
122.2361	60.2606
124.0083	54.9503
124.4453	56.5060
121.1815	43.1681
121.4982	47.3853
119.9232	52.6403
123.1381	51.8767
120.6298	53.0219
128.0717	51.7836
125.8062	68.2381
123.9735	57.4735
124.5008	53.2893
119.3194	49.8273
117.6060	56.5860
112.9997	55.3979
112.0458	54.5315
109.8728	49.0909
113.8876	58.2581
114.9264	51.5298
115.3456	46.4948
111.5516	47.7842
114.2133	52.2781
117.9306	61.6105
117.8192	56.6532
121.4570	60.8305
120.4426	55.3033
120.6311	49.9379
120.5780	46.0026
119.5367	48.9652
119.8405	48.7438
120.9371	46.0699
120.1992	47.9859
117.0292	49.4815
118.7302	47.3008
116.1051	57.4333
118.7666	52.9137
116.8698	50.3456
115.6839	48.4362
119.6524	51.2390
118.5810	54.2462
116.4119	49.8170
119.4702	54.5410
119.9425	51.9257
121.7225	48.7614
119.0222	53.8887
118.9762	49.6023
122.4277	52.0605
119.1457	61.3397
122.4053	64.7082
119.3781	59.5063
119.3493	56.9901
118.9230	62.6893
121.8970	56.1043
121.2951	54.4960
117.0932	52.8765
118.1937	56.2773
117.5449	56.9036
117.5409	50.4689
120.6680	57.4248
113.3277	55.3432
114.0731	50.2112
115.0565	48.0733
116.5837	52.4337
111.7386	49.2036
109.4469	44.3739
109.3582	44.7448
113.6614	47.6860
114.7524	47.9923
117.6865	52.8330
114.9147	55.8493
114.3706	54.1380
113.7242	48.6379
115.7892	48.7792
113.0433	51.2075
114.6534	54.3249
117.9464	47.2254
116.7923	43.8947
115.7321	49.4001
112.1954	49.6319
109.6630	51.5094
109.5781	49.4625
108.2019	47.2031
107.6742	50.2303
106.0543	50.2042
109.9377	52.4264
111.8862	53.4996
112.5322	60.3917
109.8599	56.1883
110.3539	59.2914
110.7141	57.4757
114.1185	51.9036
118.8194	51.7760
114.9578	52.0589
116.7071	49.8551
119.2600	58.6809
113.0927	53.5322
117.4556	54.0199
115.3958	60.3441
116.0163	57.0840
116.4014	62.2478
116.2017	54.9051
117.1532	52.1954
117.0750	60.8272
116.7152	62.4040
123.3174	50.7481
121.3064	56.1536
122.9690	50.2346
122.3523	55.0141
121.0985	55.3417
124.1982	57.1649
123.6556	61.7036
120.2628	58.3508
117.1046	54.0635
116.5656	66.2528
116.6539	67.7788
113.9080	63.2904
115.4886	60.7253
119.3067	65.9859
119.7130	62.7261
120.2244	63.3397
122.1821	62.4185
117.1950	56.5153
115.5796	53.4930
114.8820	49.6101
112.4683	49.4343
114.1473	52.5268
114.4840	44.8228
116.9012	44.2644
115.3336	47.1920
113.3242	56.1178
110.9599	50.9061
113.2716	53.3980
117.9945	57.9522
113.1234	52.5031
116.5133	47.4292
112.3959	39.7291
112.2417	39.7196
112.3198	44.3354
113.4070	46.2232
112.7327	45.3591
109.9032	49.4296
109.5577	50.6676
106.6816	47.7304
106.6445	50.0223
106.4656	50.3470
106.8993	51.3792
110.4144	45.4775
109.8088	46.8421
110.6414	52.3692
109.7469	58.5055
112.6770	54.9165
111.8636	52.6308
116.8842	55.3989
115.3712	66.7171
117.5218	70.7677
117.7199	69.5151
114.9723	67.6178
117.9246	62.3070
106.7574	55.3495
111.1147	52.3348
113.1726	57.6027
115.1440	66.0500
115.2152	62.2957
111.3022	57.7819
115.6787	59.9708
117.4868	57.8059
118.5237	54.8591
118.1978	65.0253
116.4058	58.8857
113.6379	56.8956
110.8986	53.9310
111.5446	51.4431
115.5912	50.5611
111.6363	49.9080
113.5006	57.4334
111.5358	63.2770
116.8071	59.7786
117.0264	62.7582
117.0244	58.7884
118.7010	58.1191
119.7035	56.8237
117.2575	60.8903
118.1820	66.4094
116.4878	65.2961
119.5288	69.3151
116.5335	60.8676
119.7159	72.7534
119.5735	59.7685
115.2060	59.9826
113.4621	54.0172
112.3346	58.5015
115.9968	44.5681
116.7845	51.9177
119.3554	56.9760
115.0594	51.3248
113.8028	45.6994
115.0746	55.6167
114.9267	51.6786
116.3414	56.3045
116.8619	55.2968
114.2854	59.3376
117.2510	61.9559
115.1030	53.1615
116.0140	63.8032
115.7307	57.0825
116.3590	51.5843
116.6398	54.4056
115.4312	56.8116
119.0989	36.8930
115.5634	49.9573
119.5866	59.4687
116.6381	49.6887
113.1885	51.5023
115.9884	54.9417
113.6046	57.5672
121.3532	58.9909
117.3070	63.5147
116.4645	56.1164
119.7445	63.9841
116.9350	59.9180
119.1988	64.7143
117.6889	65.1166
116.3590	62.1679
115.4688	63.6737
121.5789	60.7259
118.5786	71.8536
119.4855	71.1683
115.3371	69.4824
117.6677	73.2490
116.9081	64.6246
117.8779	61.1583
120.1846	55.6901
118.4158	62.5061
115.8055	58.7956
117.2208	62.6825
121.8868	65.5660
116.2347	58.2444
116.8087	53.9288
117.7892	51.1490
113.1127	44.4017
118.1480	50.6290
120.6763	50.2973
116.9086	44.2850
114.2075	43.6259
112.2361	46.5955
118.1006	49.8159
118.2407	55.8452
116.7173	47.1542
113.4603	55.2057
114.2439	54.0031
118.7948	55.9780
116.0759	55.7088
113.4000	57.0099
113.3711	63.9522
112.7869	60.1963
112.4093	58.8700
115.9299	58.4863
115.0793	57.5330
114.6115	51.9435
115.4727	51.6762
118.5233	52.0158
119.5282	49.8102
113.7290	53.7633
111.1116	58.0791
111.5070	54.2614
111.5925	52.1031
112.9660	57.3087
114.6973	50.8027
115.9576	53.7013
115.2697	54.3088
114.9993	56.0887
114.8357	62.5295
114.3932	62.2958
116.2900	61.4096
115.9277	57.7036
121.5101	56.9711
118.3332	57.2532
115.4500	69.3851
120.8844	60.5692
118.2314	60.1491
117.7303	57.2942
114.1028	43.1534
114.6405	51.9724
118.8535	53.1774
122.6855	58.4522
114.5080	55.8504
113.5399	52.4310
116.2245	57.9207
117.8957	54.1519
118.6102	60.5862
114.2097	47.1724
118.1367	43.9555
116.9154	57.0867
118.8018	60.5168
116.8191	55.6312
115.1277	53.0043
116.8059	50.4916
113.3313	58.7021
117.4549	60.1017
117.6713	61.6698
115.8586	66.5846
118.7719	71.5897
118.0930	67.4857
117.1225	67.4026
117.7776	66.6025
119.3684	72.8890
117.5789	72.5154
117.2297	63.0517
113.2038	69.3361
117.1913	66.7862
117.2024	62.9058
119.0149	64.4054
117.1114	65.0798
114.9796	65.5248
113.1501	64.8501
115.2714	64.4209
115.5579	67.2692
116.6766	70.5194
117.6858	69.4296
114.7016	70.7954
119.7645	69.5578
116.3276	69.6247
112.2730	66.6579
115.5556	68.8254
119.1718	64.6024
117.1629	70.5483
117.3329	72.2326
119.2192	79.0983
122.9921	71.5444
119.8131	75.2919
118.9351	60.6101
119.9321	62.7897
120.2720	67.5032
122.9720	64.4082
120.4819	65.5860
118.7929	66.6788
126.2038	67.2530
125.5499	64.5451
125.3476	64.1313
120.4008	64.3244
118.7607	61.2080
121.8101	59.2769
116.1999	57.4619
118.8403	55.7362
115.1274	54.6461
114.8004	55.2862
116.0224	61.5868
111.7225	56.1686
112.3700	54.0745
116.3435	57.9676
119.1857	54.8226
117.3196	60.2659
119.1922	60.9023
118.6180	57.5600
120.4534	55.4046
115.4569	65.1630
115.2731	59.6171
116.4432	58.1402
116.7097	59.2989
119.2529	58.6555
113.2007	56.6426
117.8547	53.9673
115.5674	42.8396
116.1754	45.9740
112.8147	47.1068
113.0101	47.1681
118.2234	48.3769
118.9764	50.3303
114.1027	46.1543
115.2234	47.5576
114.4731	48.1215
115.4118	45.6980
102.3307	80.5273
104.0007	84.4516
106.2955	71.8504
108.7679	70.7396
108.5924	73.7466
102.4514	73.6900
105.7695	69.9859
101.2670	67.4399
97.6134	70.3003
97.7647	70.7688
98.7750	76.4721
99.3877	72.8781
94.8685	70.6642
97.2160	68.3979
100.2155	71.8084
98.5793	67.8593
106.0883	59.4843
104.6824	63.0226
108.1784	65.1256
108.5368	64.1251
106.4558	61.6215
107.1801	63.8021
109.2176	63.6098
112.8814	63.3980
107.3871	62.6592
111.1771	67.6277
106.7624	72.2483
102.8962	72.0443
101.5040	68.3034
101.4913	68.1418
101.8056	69.7221
106.6893	72.6141
105.3419	72.7023
110.2648	69.0330
111.2089	66.9727
107.7383	67.2450
102.8586	65.8813
107.7604	66.7648
110.1150	68.1660
109.5225	68.1929
113.7013	69.9138
109.0939	66.9976
108.9152	67.0877
102.3034	59.5164
100.6982	62.0484
103.8619	69.3050
105.8972	69.4002
108.3807	74.0532
109.5335	69.9894
109.1725	72.7518
104.0758	80.0335
105.4280	70.6184
104.3107	70.4048
103.7982	65.7200
105.2598	64.4841
105.1722	65.8674
103.1997	71.4924
103.2682	77.3141
105.1369	75.8642
100.9672	67.6607
105.4316	76.6300
106.2812	68.2708
107.3969	72.1595
108.6342	72.3506
107.0920	69.0183
102.7294	75.6727
101.2269	70.2628
96.8124	73.3083
97.4644	68.7431
97.9675	65.2090
96.5805	65.2930
98.1962	72.7728
99.1872	70.9511
96.2661	69.4883
97.4907	63.1140
95.5842	67.6173
96.5189	65.6862
98.8383	68.8445
96.8706	63.6563
97.8169	59.7895
98.8321	62.7390
95.4432	57.1575
96.0217	56.1927
97.1085	60.0132
96.5368	58.0400
95.3081	53.8750
95.5982	55.3098
96.6506	53.6350
97.4972	51.3202
96.4705	54.5582
96.3186	53.5438
94.2782	50.3272
97.3489	54.6096
95.9525	55.5256
95.8048	55.9239
98.4108	56.9835
97.5872	59.4311
95.9563	55.2713
96.2929	56.4251
98.5437	51.7481
97.5572	53.0510
97.1246	57.0971
98.7828	58.5222
97.4370	59.3126
98.3127	54.0154
96.4262	55.0474
98.4348	54.9610
96.5431	52.5792
96.6407	50.8949
96.4819	55.5680
97.2087	55.6409
97.2012	53.8254
94.6745	54.1856
95.6855	52.2847
95.2408	45.7297
96.1638	51.0238
97.0169	54.0347
96.9619	53.1286
95.1079	57.2463
97.2969	53.0627
97.4291	46.1321
97.4326	47.6785
96.3191	53.4223
97.2648	55.0766
97.1076	55.9360
97.4053	50.5314
97.0682	53.9268
95.9201	53.1116
98.3821	57.7600
97.2917	54.2515
96.6364	50.2569
99.3747	51.6709
101.6981	53.0509
101.3351	51.7598
97.4309	54.0778
97.8758	50.4532
98.8316	54.2618
100.0401	48.4837
100.4532	48.4733
100.3157	51.0014
100.5912	55.9691
101.5661	54.3412
103.2225	56.7884
102.8758	46.2950
99.9644	43.6310
99.8569	48.2975
104.9308	47.8383
105.2195	41.2437
105.7844	45.1636
107.6463	44.1393
105.4146	48.1283
107.6635	47.2805
107.4609	38.2850
105.5853	43.1404
103.2586	39.4983
101.0691	41.7727
101.8197	48.8230
103.4704	50.6397
100.9717	52.8635
103.8325	55.6254
106.8878	51.4240
102.9678	51.1659
102.0068	50.4905
105.1087	52.1849
102.9987	54.2447
107.8071	50.5328
106.9670	45.1248
101.3099	51.0613
102.8173	47.5507
104.4422	45.6951
100.8954	51.5441
102.1153	49.7730
101.5918	50.0718
95.3880	52.0220
101.0410	54.8898
98.2463	57.5220
98.2107	57.3612
96.8401	53.6048
96.6920	47.0891
97.5811	57.0386
99.9053	50.6138
98.8429	50.8782
100.6454	56.7418
107.7601	59.1438
107.2043	64.4740
106.5112	57.7463
109.1900	62.4315
108.8576	63.9425
108.7954	60.3366
106.4693	65.3034
106.9964	66.3416
110.0319	63.2487
112.1091	71.7872
113.5432	67.4161
109.6851	63.0489
110.5830	64.0132
114.2277	63.4211
112.9531	72.7183
111.5203	68.2651
110.1859	62.9477
110.0225	62.6132
110.7893	64.3006
108.8620	63.2162
108.8004	58.7833
109.2908	59.8332
113.2041	66.3685
108.8774	67.2115
109.8513	69.3247
110.7407	66.5530
109.5109	71.3888
109.7262	65.7077
112.3459	71.9869
111.8296	66.9583
106.1634	70.2763
104.7456	66.5322
104.7552	66.0247
107.1607	67.6916
107.8708	67.5657
104.2211	67.1783
108.4715	67.5488
109.0793	67.8942
107.3110	61.6381
107.0491	62.5776
107.4653	63.0893
110.3849	65.7102
110.4218	66.7138
108.7738	67.5336
111.4041	68.8198
109.0028	72.7867
106.5978	62.1530
108.5645	60.6535
105.2659	63.9823
107.6790	66.7959
107.4136	61.9323
107.0932	59.7345
108.0738	59.8989
107.3953	65.8859
107.2282	69.2241
107.8193	64.2510
107.2108	74.4752
105.6110	82.5466
102.0060	75.8297
100.4926	72.6890
105.1686	70.6676
103.2151	64.4250
99.9720	63.5266
100.0950	63.7221
102.7327	64.3424
103.3605	68.9430
108.9122	66.3933
106.2387	68.2806
104.8168	67.7726
104.4315	68.3155
106.3106	75.7147
107.5295	75.0819
103.9237	75.4598
103.1744	74.9673
102.9005	74.6870
106.3491	70.7960
103.6619	69.2574
101.4711	74.5922
103.0302	71.5210
106.7538	66.8990
104.9912	68.8343
106.1562	69.7492
102.6036	72.3918
104.2602	67.2952
107.8951	65.8866
102.3081	70.0927
101.8965	71.2991
105.3858	72.6563
105.6530	70.1154
105.7415	76.6936
105.1377	68.9028
108.8746	65.4353
106.6616	70.1167
104.2785	62.7396
111.2143	71.8381
110.5225	56.8774
106.9333	61.9212
105.3412	60.4191
107.8389	61.7875
105.4463	57.0518
102.8904	62.3063
102.9309	61.7202
104.4348	57.8189
105.0289	57.3343
103.9373	55.8299
103.1309	53.6446
107.3046	57.8653
110.4036	63.0974
108.6953	69.8182
108.1944	68.7579
108.8641	70.9368
106.3031	69.8046
107.4306	68.7707
103.2079	64.8205
108.5250	63.7489
111.2683	64.5123
113.2752	61.6343
112.0947	53.8625
111.5916	57.0443
110.9211	55.7247
108.4905	53.6459
109.2697	50.4609
108.3548	54.9434
106.3617	56.8801
111.8203	68.7154
110.2137	65.4798
107.0030	63.9512
105.5484	60.9473
107.5583	54.5291
106.5726	55.5255
106.4764	54.7040
109.5295	48.4089
106.9488	51.0385
105.3008	49.9530
105.9024	46.8320
104.0844	47.9262
105.7879	45.1475
104.9099	49.2646
103.0482	53.8986
99.8548	50.1687
98.6938	50.3945
100.1038	46.3876
98.3079	46.7601
99.7416	45.3009
99.8948	44.9994
95.2669	50.0637
97.4618	51.3645
101.1819	50.0473
98.6065	53.9141
101.2155	51.5257
100.1781	56.7721
102.0661	49.6419
101.2115	49.2297
103.9110	45.7061
102.6519	46.4484
99.6964	48.6429
96.6793	49.0140
100.6557	53.1020
100.5763	52.8678
98.8815	48.3097
99.8431	43.2324
101.5629	49.1019
97.4506	52.9709
99.2141	47.8499
99.9104	46.9703
97.8230	46.3833
99.2104	49.5448
99.6209	50.9934
99.9672	52.4343
99.0954	48.4986
99.0569	50.9675
99.5533	52.9411
100.8425	51.8657
101.4400	48.9984
101.5997	54.0632
103.6788	55.1269
101.8923	51.7668
98.2860	48.3229
100.5040	47.5877
99.0604	53.6537
100.4765	47.5058
100.6461	51.9642
98.0721	53.4309
101.0452	56.9632
102.5430	52.9662
99.0579	49.7230
98.5927	46.8785
102.9532	49.5262
102.6377	51.8729
99.9167	48.5678
98.9917	48.2453
100.0838	55.0179
98.1193	48.7076
99.9674	50.9439
97.9184	52.5808
99.7843	56.2599
95.8231	52.3699
99.3679	49.3245
100.0548	53.6653
97.6449	53.4216
98.1617	50.1802
100.5902	53.1596
102.4517	51.0957
100.1258	50.7193
100.9641	59.6998
99.6839	56.1623
97.8374	54.1963
99.0923	48.9967
100.9411	51.2709
100.1099	50.1003
99.3070	51.6082
100.8802	57.2628
98.9748	57.3271
99.5860	55.0556
99.5755	55.9701
96.1174	52.6998
98.5299	55.1607
97.6740	54.3953
98.9108	51.3551
96.6925	58.8260
95.8720	52.7116
98.9759	55.3265
97.1407	57.4305
97.2176	54.1967
96.1577	56.5626
97.4907	56.6762
96.1647	52.4811
100.5832	50.6013
97.0970	55.3421
95.2382	55.7756
99.6505	54.0334
101.9658	52.4936
98.4565	52.1786
97.9303	48.6469
101.1622	53.0312
98.8575	51.9983
98.0707	49.0016
96.2570	51.2514
100.4138	51.1770
99.0658	51.0415
101.8025	52.3156
102.8542	57.1826
100.7443	52.0769
98.2438	56.7541
101.6811	53.7086
102.4745	51.8187
103.6563	53.3234
102.3868	48.8018
102.9587	48.4612
101.6214	52.3047
101.1317	51.8657
102.9194	56.0074
100.4037	49.2247
102.1362	52.0158
103.9125	51.9571
100.7090	47.9769
102.4390	51.4026
99.2796	56.4728
100.9746	50.9096
99.2724	51.8177
100.8419	55.4271
98.5103	54.9297
101.5493	51.7982
105.6494	54.7859
107.7982	59.2106
106.2665	59.2492
105.4934	58.3561
106.4514	52.5469
107.5906	54.5711
112.9154	49.1933
115.0204	57.5502
108.8621	57.1892
111.0338	58.2973
108.6885	64.9267
108.7657	59.6712
110.4553	65.5793
109.5891	58.0094
108.2659	55.8689
108.0067	60.0664
106.2319	55.9505
108.9884	60.9311
108.7586	54.1137
106.4383	57.0297
105.9314	52.7822
106.3886	54.9440
110.3076	63.0779
111.3442	57.2272
111.0094	63.1723
110.7288	53.0906
110.8678	59.2727
108.1048	65.1588
111.3652	60.7342
109.2767	60.3119
106.1441	54.2140
106.6764	56.1600
104.8750	60.2792
106.4162	62.4137
107.3205	52.9697
106.9866	59.0317
103.9982	59.6896
105.8806	61.7631
109.7288	56.8142
106.7806	64.9070
105.7882	52.2577
104.4570	53.5608
102.8663	55.9125
100.8383	50.8641
103.7945	55.2173
104.9430	47.2963
104.5856	46.5137
101.8883	43.9699
101.2080	49.7305
100.5968	46.3375
101.8753	56.4614
100.7604	45.4708
104.4440	54.5767
101.6918	63.4099
