10
85
86
88
91
92
94
95
96
97
98
99
100
101
102
103
104
105
106
107
108
109
110
111
112
113
115
116
118
119
121
122
123
124
125
127
128
129
130
131
132
133
134
135
136
137
138
139
140
141
142
143
144
145
146
147
148
149
150
152
153
154
155
157
158
159
160
161
163
164
166
167
168
172
173
174
175
176
177
178
179
180
181
183
184
185
187
188
189
195
201
203
204
205
207
208
209
210
212
213
215
216
218
221
222
223
224
225
226
227
228
229
230
231
232
233
234
235
236
237
238
239
240
241
242
243
244
245
246
247
248
249
252
253
255
256
257
258
259
260
261
262
263
265
266
267
268
270
272
274
275
276
277
278
279
280
281
282
283
284
285
286
287
288
289
290
291
292
293
294
295
296
298
299
301
303
304
305
306
307
308
309
310
312
313
314
315
316
317
318
319
320
321
322
323
324
325
326
327
328
329
332
333
334
335
336
337
338
340
342
343
344
345
346
347
348
350
352
353
354
355
356
357
358
359
360
362
363
364
365
366
367
368
369
370
371
372
373
374
375
376
377
378
379
380
381
382
383
384
385
386
387
388
389
390
391
392
393
394
395
396
397
398
399
401
402
403
404
405
406
407
408
409
410
411
412
414
415
416
418
420
421
422
423
424
425
426
427
429
430
431
432
433
434
435
438
440
443
444
445
446
447
448
450
451
452
453
454
456
457
458
459
461
462
463
465
468
477
479
480
482
485
490
491
494
495
496
499
519
520
522
523
524
787
800
803
805
806
808
809
810
811
812
813
814
815
816
817
818
819
820
821
822
823
824
826
828
829
830
831
832
834
835
836
837
838
839
840
841
842
843
845
846
847
848
849
850
851
852
853
854
855
856
857
858
859
860
861
862
863
864
865
866
867
868
869
870
871
872
873
874
875
876
877
878
879
880
881
882
883
884
885
886
887
888
889
890
891
892
893
894
895
896
897
898
899
900
901
902
903
904
905
906
907
908
909
910
911
912
913
914
916
917
918
919
920
921
922
923
925
926
927
928
929
930
931
933
935
936
937
938
939
940
941
942
943
944
946
947
948
949
950
952
953
954
956
957
959
960
962
963
964
965
966
967
968
969
970
971
972
974
975
976
978
979
980
981
982
984
985
986
987
988
989
990
992
996
997
998
1000
1419
1431
1452
1477
1478
1481
1482
1484
2711
3506
3508
3509
3513
3514
3515
3516
3517
3519
3520
3523
3524
3525
3526
3527
3528
3529
3533
3534
3535
3538
3539
3540
3541
3542
3543
3544
3545
3546
3548
3549
3550
3552
3555
3556
3560
3564
3565
3568
3569
3571
3573
3574
3582
3583
3584
3585
3586
3587
3588
3589
3590
3591
3592
3593
3594
3595
3604
3605
3607
3608
3609
3611
3612
3613
3614
3615
3616
3617
3618
3620
3621
3622
3624
3625
3626
3628
3629
3630
3631
3632
3633
3634
3635
3636
3637
3638
3639
3640
3641
3642
3644
3647
3651
3664
3667
3668
3672
3673
3674
3675
3676
3677
3678
3680
3681
3682
3683
3684
3685
3686
3689
3690
3691
3693
3694
3695
3697
3699
3700
3702
3703
3704
3705
3706
3707
3708
3709
3710
3711
3712
3713
3714
3715
3716
3717
3718
3720
3721
3722
3723
3724
3726
3727
3728
3729
3730
3732
3733
3734
3735
3736
3737
3738
3739
3740
3741
3742
3743
3744
3745
3746
3747
3748
3749
3750
3751
3752
3753
3755
3756
3757
3758
3759
3760
3761
3762
3763
3764
3765
3766
3767
3768
3769
3770
3771
3773
3774
3775
3776
3779
3780
3781
3782
3783
3785
3786
3787
3788
3789
3790
3791
3792
3793
3794
3796
3798
3800
3803
3805
3806
3815
3821
3841
3853
3861
3862
3865
3866
3870
4019
4020
4021
4022
4023
4024
4025
4026
4027
4028
4029
4030
4031
4032
4033
4034
4035
4036
4038
4040
4041
4042
4049
4050
4066
4068
4069
4070
4071
4072
4075
4076
4077
4078
4079
4080
4081
4082
4083
4084
4085
4086
4091
4092
4093
4094
4095
4096
4097
4098
4099
4100
4101
4102
4103
4104
4105
4106
4107
4108
4109
4110
4112
4113
4115
4123
4124
4125
4127
4128
4129
4130
4140
4144
4145
4146
4147
4148
4149
4152
4155
4247
4256
4265
4269
4270
4271
4274
4276
4277
4278
4279
4289
4292
4294
4295
4296
4298
4300
4302
4305
4306
4307
4308
4309
4310
4311
4312
4313
4314
4315
4316
4317
4318
4319
4320
4321
4322
4323
4324
4325
4326
4327
4328
4329
4330
4331
4332
4333
4334
4335
4336
4337
4338
4339
4340
4341
4342
4343
4344
4345
4346
4347
4348
4349
4350
4351
4353
4354
4355
4356
4357
4358
4359
4360
4361
4362
4364
4365
4366
4367
4368
4369
4370
4371
4372
4373
4374
4376
4377
4378
4379
4380
4381
4382
4383
4384
4385
4386
4387
4388
4389
4390
4391
4392
4393
4394
4395
4396
4397
4398
4399
4400
4401
4402
4403
4404
4405
4406
4407
4408
4409
4410
4411
4412
4413
4414
4415
4416
4417
4418
4419
4420
4421
4422
4423
4424
4425
4426
4427
4428
4429
4430
4431
4432
4433
4434
4435
4436
4437
4438
4439
4440
4441
4442
4443
4444
4445
4446
4447
4448
4449
4450
4451
4452
4453
4454
4455
4456
4457
4458
4459
4460
4461
4462
4463
4464
4465
4466
4467
4468
4469
4470
4471
4472
4473
4474
4475
4476
4477
4492
4494
4495
4496
4497
4499
4500
