106
109
112
114
118
119
123
136
137
143
145
146
147
212
268
328
585
1024
1039
1040
1077
1111
1117
1126
1143
1441
1442
1458
1463
1464
1465
1469
1473
1489
1491
1889
1890
1896
1897
2082
2117
2119
2125
2128
2129
2136
2145
2146
2153
2156
2165
2169
2171
2172
2175
2185
2210
2219
2651
2662
2804
2806
2807
2808
2812
2816
2829
2858
2861
2862
2864
2901
2938
3107
3108
3138
3139
3147
3303
3308
3328
3332
3341
3348
3370
3373
3479
3736
3838
4506
4518
4520
4530
4532
4794
4805
4818
4834
4839
4863
4864
4866
4879
4880
4896
4956
4957
4977
4988
4990
4991
4992
4993
