21
22
23
1002
1003
1005
1017
1020
1022
1035
1036
1037
1072
1075
1088
1091
1092
1093
1099
1105
1106
1111
1128
1130
1131
1146
1156
1165
1167
1168
1169
1183
1187
1283
1285
1295
1301
1302
1304
1308
1313
1315
1317
1328
1337
1339
1343
1503
1505
1514
1515
1526
1529
1533
1537
1539
1541
1543
1545
1548
1554
1570
1571
1577
1579
1581
1582
1584
1586
1587
1588
1592
1599
1601
1602
1615
1618
1644
1708
1710
1713
1714
1725
1727
1745
1748
1756
1757
1763
1815
1822
1857
1860
1861
1869
1872
1877
1893
1897
1900
1901
1928
1947
1949
1950
1952
1955
1957
1967
1975
1980
1981
1993
1994
1996
1997
2890
2892
2895
4001
4008
4737
4861
4974
4998
4999
