13
14
15
16
21
28
31
32
33
34
35
36
37
38
39
40
41
43
44
45
46
47
48
49
50
51
52
55
56
59
61
62
63
64
65
66
67
68
69
71
73
75
76
77
78
79
80
81
82
83
84
85
86
87
88
90
91
92
93
94
95
96
97
98
99
101
102
103
104
105
106
107
108
109
110
111
112
113
114
115
116
117
118
119
120
121
122
123
124
125
126
127
129
130
131
132
141
144
145
146
147
149
151
152
153
154
155
156
157
158
159
160
161
162
163
164
165
166
167
168
169
170
173
180
184
185
186
188
189
192
193
194
195
196
197
198
199
200
201
203
204
205
206
207
208
209
210
211
212
213
214
215
216
217
218
219
220
221
222
223
224
225
226
227
228
229
230
231
232
233
234
235
236
238
239
240
241
242
243
244
245
246
247
248
249
250
251
252
253
254
255
256
257
258
259
260
261
262
263
264
265
266
267
268
269
270
271
272
273
274
275
276
277
278
279
280
281
282
283
284
285
286
287
288
289
291
292
293
295
296
297
299
301
302
304
305
306
309
310
311
312
314
315
316
317
318
319
320
321
322
323
324
325
326
327
329
330
331
332
333
334
335
336
337
338
339
340
341
342
343
344
345
346
347
348
349
350
351
352
353
354
355
356
357
359
361
362
363
364
365
366
367
368
369
370
371
372
373
374
375
376
377
378
379
380
382
384
385
387
388
389
390
391
392
393
394
395
397
398
399
400
401
402
403
404
405
406
407
408
409
410
411
412
413
414
415
416
417
418
419
420
421
422
423
424
425
426
427
428
429
430
431
432
433
434
435
436
437
438
439
440
441
442
443
444
445
446
448
449
450
451
452
454
455
456
457
458
459
460
461
462
463
464
465
466
467
468
469
470
471
472
473
474
475
476
477
478
479
480
481
482
483
484
485
486
487
488
489
490
491
492
493
494
495
499
500
505
507
508
509
512
514
516
517
521
522
524
525
526
527
528
529
530
531
532
533
534
535
536
537
538
539
540
541
543
544
545
547
549
558
559
560
564
568
569
570
572
576
577
578
579
580
581
582
583
584
585
586
587
591
597
598
599
600
601
602
606
611
612
613
614
615
616
617
618
619
620
621
622
623
624
625
626
627
628
629
631
632
633
634
635
636
638
639
641
642
643
645
646
647
648
649
650
651
652
653
654
655
656
657
660
662
663
664
665
666
667
668
669
670
671
674
675
676
678
680
681
682
683
684
685
686
687
688
689
690
695
698
701
702
705
711
715
716
718
719
720
722
723
724
726
729
732
733
734
735
736
737
738
739
740
741
742
743
744
745
746
747
748
749
750
751
752
753
754
756
758
762
765
766
767
768
769
770
771
772
773
774
775
776
777
778
779
780
781
783
787
788
789
791
792
795
796
798
799
802
826
828
829
830
832
833
834
835
836
837
857
858
859
1506
1507
1508
1509
1514
1515
1517
1518
1519
1520
1521
1522
1523
1524
1525
1526
1527
1528
1529
1530
1531
1534
1535
1536
1537
1538
1543
1544
1546
1547
1548
1549
1553
1554
1556
1596
1597
1598
1599
1600
1601
1602
1603
1604
1605
1606
1607
1608
1609
1610
1611
1612
1613
1614
1615
1616
1617
1618
1619
1620
1621
1622
1623
1624
1625
1626
1627
1628
1629
1630
1631
1632
1633
1638
1639
1640
1641
1642
1643
1644
1645
1646
1648
1650
1651
1652
1653
1654
1655
1656
1657
1658
1659
1660
1661
1662
1663
1664
1665
1666
1667
1668
1669
1670
1671
1672
1673
1674
1675
1676
1677
1678
1679
1680
1681
1682
1683
1684
1685
1686
1687
1688
1689
1690
1691
1692
1693
1694
1695
1696
1697
1698
1699
1700
1701
1702
1703
1704
1705
1706
1707
1708
1709
1710
1711
1712
1713
1714
1715
1716
1717
1718
1719
1720
1721
1722
1723
1724
1725
1726
1727
1728
1729
1732
1733
1734
1735
1736
1737
1738
1739
1740
1741
1742
1743
1744
1745
1746
1747
1748
1749
1750
1751
1752
1753
1754
1755
1756
1757
1758
1759
1760
1761
1762
1763
1764
1765
1766
1767
1768
1769
1770
1771
1772
1773
1774
1775
1776
1777
1778
1779
1780
1781
1782
1783
1784
1785
1786
1787
1788
1789
1791
1792
1793
1794
1795
1798
1801
1802
1803
1804
1805
1806
1807
1808
1809
1810
1811
1812
1813
1814
1815
1816
1817
1818
1819
1820
1821
1822
1823
1824
1826
1827
1828
1829
1830
1831
1832
1833
1834
1835
1836
1837
1838
1839
1840
1841
1842
1843
1844
1845
1846
1847
1848
1849
1850
1851
1852
1853
1854
1855
1856
1857
1858
1859
1860
1861
1862
1863
1864
1865
1866
1867
1868
1869
1870
1871
1872
1873
1874
1875
1876
1877
1878
1879
1880
1881
1882
1883
1884
1885
1886
1888
1889
1890
1891
1892
1893
1894
1895
1896
1897
1898
1899
1900
1901
1902
1903
1904
1905
1906
1907
1908
1909
1910
1911
1912
1913
1914
1915
1916
1917
1918
1919
1920
1921
1922
1923
1924
1925
1926
1927
1928
1929
1930
1931
1932
1933
1934
1935
1936
1937
1938
1939
1940
1941
1942
1943
1944
1945
1946
1947
1948
1949
1950
1951
1952
1953
1954
1955
1956
1957
1960
1961
1963
1964
1965
1966
1967
1971
1972
1973
1974
1975
1977
1978
1979
1980
1981
1982
1983
1984
1985
1986
1987
1988
1989
1990
1991
1992
1993
1994
1995
1996
1997
1998
1999
2000
2005
2007
2009
2010
2011
2013
2014
2015
2016
2017
2018
2019
2020
2021
2022
2023
2024
2025
2026
2032
2033
2037
2038
2040
2042
2044
2045
2050
2051
2052
2053
2054
2055
2056
2057
2058
2059
2061
2062
2064
2066
2067
2068
2069
2070
2073
2075
2076
2077
2078
2079
2080
2081
2082
2083
2084
2085
2086
2087
2091
2124
2127
2152
2153
2159
2160
2161
2162
2189
2190
2191
2192
2193
2227
2230
2231
2232
2233
2234
2241
2242
2243
2244
2245
2246
2247
2248
2249
2250
2252
2253
2255
2262
2263
2264
2265
2266
2267
2269
2270
2273
2275
2278
2279
2280
2281
2282
2284
2285
2286
2287
2288
2289
2291
2294
2296
2297
2298
2299
2300
2303
2304
2305
2306
2307
2308
2309
2310
2316
2317
2318
2319
2321
2322
2324
2325
2326
2327
2328
2329
2330
2331
2332
2333
2334
2335
2336
2337
2338
2339
2340
2341
2342
2343
2344
2345
2348
2349
2351
2352
2372
2373
2376
2378
2379
2380
2381
2382
2383
2384
2386
2387
2388
2389
2390
2391
2392
2393
2394
2395
2396
2397
2398
2399
2400
2401
2402
2403
2404
2405
2410
2411
2412
2413
2414
2418
2420
2421
2422
2423
2424
2425
2426
2427
2428
2429
2430
2432
2433
2434
2435
2436
2437
2439
2440
2442
2443
2445
2447
2448
2452
2453
2454
2455
2456
2457
2458
2459
2460
2462
2464
2465
2466
2467
2468
2469
2470
2474
2475
2478
2479
2482
2483
2484
2486
2488
2489
2490
2493
2495
2496
2497
2501
2503
2504
2505
2508
2509
2510
2511
2514
2524
2528
2530
2531
2532
2533
2534
2535
2536
2537
2538
2539
2540
2541
2542
2543
2544
2545
2546
2547
2548
2549
2550
2551
2552
2553
2554
2555
2556
2557
2558
2559
2560
2561
2562
2563
2564
2565
2566
2567
2568
2569
2570
2571
2572
2573
2574
2575
2576
2577
2578
2579
2580
2581
2582
2583
2584
2585
2596
2621
2684
2685
2686
2688
2689
2690
2695
2696
2697
2698
2699
2700
2708
2710
2712
2715
2716
2717
2720
2722
2752
2755
2760
2765
2767
2769
2770
2777
2778
2781
2783
2787
2790
2796
2807
2810
2811
2812
2813
2814
2817
2818
2826
2886
2889
2891
2892
2893
2894
2895
2896
2898
2902
2995
2996
2997
3004
3005
3006
3007
3008
3009
3010
3011
3012
3013
3014
3015
3016
3017
3018
3019
3020
3021
3022
3023
3024
3025
3026
3027
3030
3034
3040
3042
3069
3092
3094
3096
3100
3101
3115
3116
3122
3135
3143
3152
3153
3154
3155
3156
3157
3158
3159
3160
3161
3162
3164
3165
3166
3167
3168
3169
3170
3171
3172
3173
3174
3175
3176
3177
3178
3179
3180
3183
3184
3185
3186
3187
3188
3189
3190
3191
3192
3193
3194
3195
3196
3197
3198
3199
3200
3201
3202
3203
3204
3205
3206
3207
3210
3211
3212
3213
3214
3215
3216
3217
3218
3219
3220
3221
3222
3223
3224
3225
3226
3227
3228
3232
3233
3234
3237
3239
3240
3241
3243
3244
3245
3246
3247
3248
3249
3250
3251
3252
3254
3255
3256
3257
3258
3259
3260
3261
3262
3263
3264
3266
3267
3268
3269
3270
3271
3272
3273
3274
3275
3276
3277
3278
3279
3280
3281
3283
3284
3285
3286
3287
3288
3289
3297
3298
3300
3301
3302
3305
3306
3307
3308
3310
3312
3313
3314
3315
3316
3318
3321
3322
3323
3324
3325
3326
3327
3328
3329
3330
3331
3332
3333
3334
3335
3336
3337
3338
3339
3340
3341
3342
3343
3344
3345
3349
3350
3351
3354
3355
3356
3357
3358
3360
3371
3372
3376
3377
3378
3379
3380
3381
3382
3383
3384
3385
3386
3387
3388
3389
3390
3391
3392
3393
3394
3395
3396
3397
3398
3399
3400
3401
3402
3403
3404
3405
3409
3410
3411
3412
3413
3414
3419
3421
3422
3423
3424
3425
3427
3428
3429
3430
3431
3432
3434
3435
3436
3437
3438
3439
3440
3441
3442
3443
3444
3445
3446
3447
3448
3449
3450
3451
3452
3453
3454
3455
3456
3457
3458
3459
3460
3463
3464
3466
3467
3468
3469
3470
3471
3472
3478
3480
3481
3482
3483
3484
3485
3486
3487
3488
3489
3490
3491
3492
3493
3494
3495
3496
3497
3498
3499
3500
3521
3523
3524
3525
3526
3527
3529
3530
3532
3537
3538
3542
3543
3544
3545
3548
3549
3553
3555
3556
3557
3558
3559
3560
3561
3562
3563
3564
3565
3566
3567
3568
3571
3580
3583
3585
3586
3587
3590
3591
3592
3593
3594
3596
3598
3599
3600
3601
3602
3603
3622
3623
3624
3625
3626
3627
3628
3629
3630
3631
3633
3634
3635
3636
3637
3638
3640
3641
3643
3644
3645
3646
3647
3648
3649
3650
3651
3652
3653
3655
3656
3658
3659
3660
3662
3663
3664
3665
3666
3667
3668
3669
3670
3671
3672
3673
3674
3675
3676
3677
3678
3679
3680
3681
3682
3683
3684
3685
3686
3687
3688
3689
3690
3691
3692
3693
3694
3695
3696
3697
3698
3699
3700
3701
3702
3703
3704
3705
3706
3707
3708
3709
3710
3711
3712
3713
3714
3715
3716
3719
3720
3734
3735
3736
3737
3738
3739
3740
3741
3742
3743
3744
3745
3746
3747
3748
3749
3750
3751
3752
3753
3754
3755
3757
3758
3759
3760
3761
3762
3763
3764
3765
3766
3767
3768
3769
3770
3771
3772
3773
3774
3775
3776
3777
3778
3779
3780
3781
3782
3783
3784
3785
3786
3788
3790
3791
3792
3796
3797
3798
3799
3800
3801
3802
3803
3804
3805
3806
3807
3808
3809
3810
3811
3812
3813
3814
3815
3820
3829
3830
3831
3832
3833
3834
3836
3837
3838
3839
3840
3841
3842
3843
3844
3845
3846
3847
3848
3849
3850
3851
3852
3853
3854
3855
3856
3857
3858
3859
3860
3861
3862
3863
3864
3865
3866
3867
3868
3869
3870
3871
3872
3873
3874
3875
3876
3877
3878
3879
3880
3881
3882
3883
3884
3885
3886
3887
3888
3889
3890
3891
3892
3893
3894
3895
3896
3897
3898
3899
3900
3901
3902
3903
3904
3905
3906
3907
3908
3909
3910
3911
3912
3913
3914
3915
3916
3917
3918
3919
3920
3921
3922
3923
3924
3925
3926
3927
3928
3929
3930
3932
3933
3934
3935
3936
3937
3938
3939
3941
3942
3944
3945
3946
3948
3949
3950
3951
3952
3953
3954
3955
3956
3957
3958
3959
3961
3962
3963
3964
3965
3966
3967
3968
3969
3970
3971
3972
3973
3974
3975
3976
3977
3978
3979
3980
3981
3982
3983
3984
3985
3986
3987
3988
3989
3990
3991
3992
3993
3994
3995
3996
3997
3998
3999
4015
4016
4018
4019
4020
4021
4022
4023
4024
4025
4026
4027
4028
4029
4030
4031
4033
4035
4036
4038
4039
4040
4042
4043
4044
4045
4046
4047
4048
4049
4050
4051
4052
4053
4054
4055
4056
4057
4058
4059
4060
4061
4062
4063
4064
4065
4066
4068
4076
4077
4078
4080
4081
4508
4516
4517
4518
4521
4522
4525
4529
4530
4531
4536
4537
4544
4545
4554
4555
4556
4560
4565
4570
4575
4578
4579
4580
4581
4582
4583
4584
4585
4586
4587
4588
4589
4590
4591
4592
4593
4594
4595
4596
4597
4598
4599
4600
4601
4602
4603
4604
4605
4606
4607
4608
4609
4610
4611
4612
4613
4614
4615
4616
4617
4618
4619
4620
4621
4622
4623
4624
4625
4626
4627
4628
4629
4630
4631
4632
4633
4634
4635
4636
4637
4638
4639
4640
4641
4642
4643
4646
4659
4660
4662
4663
4665
4668
4671
4673
4674
4675
4676
4677
4678
4679
4680
4681
4682
4683
4685
4686
4690
4691
4715
4716
4717
4718
4719
4720
4723
4727
4730
4732
4735
4737
4738
4745
4746
4747
4748
4763
4767
4777
4780
4781
4783
4784
4785
4786
4787
4788
4789
4796
4797
4807
4810
4811
4822
4823
4824
4826
4829
4830
4831
4832
4833
4834
4836
4839
4840
4841
4842
4843
4846
4847
4849
4850
4851
4852
4853
4854
4855
4856
4857
4858
4859
4860
4861
4863
4865
4866
4867
4868
4869
4870
4872
4873
4874
4875
4876
4877
4878
4879
4880
4881
4882
4883
4884
4885
4886
4887
4888
4889
4890
4891
4892
4893
4894
4895
4896
4897
4898
4899
4900
4901
4902
4903
4904
4905
4906
4907
4908
4909
4910
4911
4912
4913
4914
4915
4916
4917
4918
4919
4920
4921
4922
4923
4924
4925
4926
4927
4928
4929
4930
4933
4934
4935
4936
4937
4940
4941
4942
4943
4944
4945
4946
4948
4949
4950
4966
4979
4980
4982
4983
4984
4986
4989
4990
4991
4995
4997
5000
