21
25
41
65
83
88
90
91
94
95
160
164
171
176
183
184
190
193
272
273
279
283
284
288
292
300
302
304
310
313
314
317
330
334
335
339
358
359
371
376
378
380
381
382
386
389
390
399
400
410
412
415
444
450
451
492
525
526
536
552
554
593
598
606
670
671
672
694
697
700
702
706
708
709
715
745
804
807
808
816
1496
1498
1549
1550
1552
1596
1601
1619
1620
1690
1700
1703
1740
1743
1756
1758
1765
1767
1776
1777
1778
1781
1783
1794
1796
1797
1801
1834
1846
1849
1853
1856
1857
1858
1859
1860
1868
1877
1900
1901
1905
1907
1912
2025
2041
2046
2052
2054
2055
2161
2193
2211
2228
2502
2505
2507
2513
2517
2518
2543
2569
2585
2593
2595
2597
2599
2600
2601
2604
2606
2608
2622
2623
2624
2625
2631
2632
2634
2636
2637
2638
2656
2657
2667
2673
2677
2696
2701
2788
2802
2803
2942
2943
2945
2978
2979
2981
2990
2993
2994
2995
2996
2999
3078
3080
3084
3085
3091
3092
3098
3113
3116
3122
3124
3126
3137
3143
3146
3149
3150
3154
3158
3161
3162
3163
3166
3167
3168
3169
3170
3171
3173
3175
3181
3182
3183
3184
3186
3205
3219
3220
3238
3241
3242
3243
3247
3254
3286
3291
3299
3306
3310
3315
3319
3354
3355
3356
3362
3364
3365
3396
3397
3398
3411
3412
3418
3421
3422
3423
3426
3427
3432
3435
3436
3437
3465
3467
3564
3586
3587
3588
3605
3606
3621
3625
3629
3630
3651
3654
3660
3667
3679
3680
3682
3683
3684
3694
3702
3709
3714
3717
3721
3731
3732
3738
3739
3742
3794
3803
3830
3832
3833
3842
3847
3853
3858
3859
3864
3867
3869
3878
3886
3909
3910
3922
3923
3929
3935
3942
3944
3945
3946
3952
3953
3955
3964
3966
3968
3970
3996
4005
4006
4007
4010
4012
4121
4124
4158
4512
