6
21
29
30
31
32
48
60
125
186
188
189
190
200
280
286
301
302
305
395
405
406
407
408
410
411
414
431
480
544
548
585
610
612
613
616
619
622
643
644
645
647
648
649
650
652
653
654
667
670
671
672
673
674
675
682
711
712
716
717
718
719
753
769
770
795
813
833
834
838
866
868
871
872
873
885
886
887
888
889
890
891
892
893
894
895
896
897
898
899
900
901
902
903
904
905
906
909
911
913
914
920
928
932
934
935
937
938
939
941
943
944
945
949
952
954
955
959
960
961
962
963
964
965
966
967
968
969
970
971
972
973
974
975
976
979
980
982
983
984
985
993
994
995
997
999
1000
1003
1005
1006
1007
1047
1068
1070
1084
1089
1090
1095
1096
1097
1098
1099
1100
1101
1102
1103
1104
1105
1106
1107
1108
1109
1110
1111
1112
1113
1114
1115
1116
1117
1118
1119
1120
1123
1124
1125
1126
1127
1128
1129
1130
1131
1132
1133
1134
1135
1136
1137
1138
1139
1140
1141
1142
1143
1144
1146
1147
1148
1149
1150
1151
1152
1153
1154
1155
1156
1157
1158
1159
1160
1161
1162
1163
1164
1165
1166
1167
1168
1169
1170
1172
1173
1174
1175
1176
1177
1179
1180
1181
1182
1183
1185
1186
1187
1188
1190
1191
1194
1195
1196
1200
1201
1202
1203
1204
1205
1206
1208
1209
1210
1211
1212
1213
1214
1215
1216
1217
1218
1219
1220
1221
1222
1223
1224
1225
1226
1227
1228
1229
1230
1234
1235
1236
1245
1250
1256
1257
1258
1259
1268
1271
1275
1276
1279
1283
1294
1298
1301
1302
1303
1305
1306
1308
1311
1312
1313
1314
1315
1316
1317
1318
1320
1321
1323
1328
1329
1330
1335
1336
1337
1340
1341
1343
1346
1347
1348
1350
1352
1354
1355
1356
1357
1358
1363
1364
1365
1366
1367
1370
1371
1372
1373
1374
1375
1377
1379
1382
1389
1390
1392
1393
1395
1397
1403
1405
1410
1412
1414
1416
1419
1420
1422
1423
1424
1425
1426
1428
1432
1433
1435
1441
1442
1443
1446
1447
1450
1451
1452
1453
1455
1456
1457
1464
1465
1470
1472
1473
1474
1475
1477
1479
1480
1483
1484
1486
1487
1489
1490
1491
1492
1493
1494
1495
1497
1499
1500
1501
1502
1503
1511
1513
1532
1533
1534
1535
1537
1564
1576
1586
1609
1610
1629
1650
1667
1699
1700
1701
1706
1724
1738
1777
1778
1854
1857
1860
1866
1867
1876
1948
1950
1955
1960
1961
1962
1964
1973
1980
2004
2017
2034
2037
2038
2039
2040
2041
2043
2044
2045
2047
2048
2049
2050
2051
2052
2053
2054
2056
2057
2058
2059
2060
2061
2062
2063
2064
2067
2069
2071
2085
2094
2136
2137
2159
2160
2174
2176
2183
2185
2186
2187
2189
2190
2191
2192
2193
2194
2195
2196
2197
2205
2214
2217
2222
2228
2234
2235
2238
2241
2253
2260
2261
2262
2264
2270
2274
2282
2284
2285
2292
2293
2294
2295
2296
2297
2298
2305
2315
2321
2325
2327
2328
2330
2331
2332
2333
2334
2336
2338
2343
2345
2354
2360
2374
2376
2377
2390
2391
2392
2398
2401
2406
2407
2409
2418
2421
2428
2429
2431
2432
2433
2434
2435
2438
2439
2440
2443
2444
2446
2447
2448
2450
2454
2455
2456
2457
2460
2462
2463
2464
2465
2466
2467
2468
2469
2470
2471
2472
2473
2474
2475
2476
2477
2478
2479
2480
2481
2482
2483
2484
2485
2486
2487
2488
2489
2490
2491
2492
2498
2503
2513
2519
2524
2546
2577
2584
2593
2594
2596
2598
2599
2601
2603
2604
2605
2606
2607
2608
2609
2610
2615
2619
2621
2622
2624
2625
2626
2628
2629
2630
2631
2632
2633
2634
2635
2636
2637
2639
2640
2641
2642
2643
2644
2645
2647
2649
2650
2651
2652
2653
2654
2655
2656
2657
2658
2659
2660
2661
2662
2663
2667
2668
2670
2671
2672
2674
2675
2676
2678
2679
2681
2682
2683
2684
2685
2686
2687
2688
2689
2690
2691
2692
2693
2694
2695
2696
2697
2698
2699
2700
2701
2702
2703
2704
2705
2706
2707
2708
2709
2710
2711
2712
2713
2714
2715
2716
2717
2718
2719
2720
2721
2722
2723
2724
2728
2729
2730
2731
2732
2733
2735
2744
2745
2746
2753
2757
2758
2759
2767
2770
2771
2773
2777
2778
2779
2780
2781
2782
2783
2784
2785
2787
2792
2793
2794
2795
2796
2797
2798
2799
2800
2801
2802
2803
2804
2805
2806
2807
2808
2809
2810
2811
2812
2813
2814
2815
2816
2817
2818
2819
2820
2821
2822
2823
2824
2825
2826
2827
2828
2829
2830
2831
2832
2833
2834
2835
2836
2837
2838
2839
2840
2841
2842
2843
2844
2845
2846
2847
2848
2849
2850
2851
2852
2853
2854
2855
2856
2857
2858
2859
2860
2861
2862
2863
2864
2865
2866
2867
2868
2869
2870
2871
2872
2873
2874
2875
2876
2877
2878
2879
2883
2884
2886
2888
2889
2891
2892
2893
2894
2895
2897
2898
2899
2900
2901
2902
2903
2904
2905
2906
2907
2908
2909
2911
2912
2913
2914
2915
2916
2920
2921
2922
2925
2926
2927
2930
2931
2932
2933
2934
2935
2936
2937
2938
2939
2940
2941
2942
2943
2944
2945
2946
2947
2948
2949
2950
2952
2953
2954
2970
2971
2975
2976
2977
2980
2981
2982
2983
2985
2986
2987
2990
2994
3004
3017
3021
3022
3024
3026
3027
3028
3032
3033
3034
3035
3036
3037
3045
3046
3047
3048
3049
3050
3052
3053
3054
3055
3056
3058
3059
3061
3067
3068
3069
3071
3072
3074
3075
3076
3078
3079
3080
3081
3089
3090
3091
3092
3095
3097
3131
3164
3171
3173
3177
3207
3235
3236
3239
3242
3251
3252
3253
3254
3271
3272
3274
3275
3276
3278
3279
3280
3281
3283
3285
3286
3287
3288
3289
3290
3291
3292
3293
3295
3296
3297
3298
3299
3300
3302
3303
3304
3307
3308
3317
3318
3321
3322
3323
3324
3325
3326
3327
3328
3329
3330
3331
3332
3333
3334
3335
3338
3339
3340
3342
3343
3344
3345
3346
3347
3348
3349
3350
3351
3352
3353
3354
3355
3356
3357
3358
3359
3360
3362
3363
3365
3366
3368
3370
3371
3374
3375
3377
3378
3379
3380
3381
3382
3384
3385
3386
3387
3388
3389
3390
3391
3392
3393
3394
3395
3396
3398
3399
3400
3401
3406
3407
3408
3409
3410
3411
3412
3413
3414
3415
3417
3418
3419
3423
3424
3425
3426
3427
3428
3429
3430
3431
3432
3433
3434
3436
3437
3438
3439
3440
3442
3443
3444
3445
3446
3447
3448
3449
3452
3473
3474
3485
3489
3492
3494
3495
3496
3497
3498
3499
3500
3502
3525
3527
3529
3530
3531
3534
3535
3536
3538
3545
3551
3603
3604
3605
3611
3636
3637
3646
3662
3666
3667
3668
3669
3673
3677
3698
3699
3701
3715
3718
3719
3741
3742
3745
3754
3774
3782
3784
3786
3790
3793
3794
3799
3802
3803
3811
3838
3841
3848
3850
3862
3869
3870
3871
3872
3873
3892
3897
3898
3899
3916
3918
3919
3921
3924
3925
3927
3950
3952
3953
3954
3955
3958
3959
3965
3968
3971
3980
3981
4003
4028
4034
4035
4036
4037
4038
4039
4040
4041
4042
4043
4044
4049
4051
4052
4053
4057
4058
4063
4064
4076
4082
4087
4095
4096
4097
4098
4100
4106
4168
4175
4237
4298
4299
4302
4303
4320
4321
4326
4328
4329
4330
4332
4350
4360
4363
4364
4365
4367
4369
4371
4372
4375
4376
4377
4378
4380
4382
4383
4384
4386
4387
4388
4389
4390
4392
4393
4426
4427
4496
4497
4509
4540
4542
4554
4556
4570
4573
4574
4575
4576
4577
4578
4579
4580
4581
4609
4610
4623
4649
4651
4654
4655
4659
4660
4664
4667
4673
4675
4681
4682
4687
4721
4737
4741
4743
4745
4746
4747
4748
4749
4750
4751
4752
4754
4755
4765
4774
4775
4778
4788
4789
4793
4794
4799
4800
4801
4802
4803
4804
4812
4813
4814
4816
4817
4818
4821
4824
4825
4826
4829
4830
4832
4833
4835
4836
4837
4838
4839
4840
4841
4842
4843
4844
4845
4846
4847
4849
4850
4851
4852
4853
4854
4855
4856
4857
4858
4859
4860
4879
4904
4940
4941
4945
4946
4949
4970
4972
4973
4978
4979
4981
4982
4983
4984
4985
4986
4987
4988
4996
4998
4999
5000
