24
33
34
35
47
49
50
53
56
57
60
62
65
66
67
68
70
506
507
508
510
511
514
515
529
530
531
533
534
536
543
552
553
555
567
568
569
570
571
572
573
575
578
579
580
581
585
586
589
590
591
592
594
595
597
599
600
601
602
603
604
605
606
607
608
609
613
614
616
617
618
619
633
635
640
642
649
651
657
662
663
665
672
676
678
682
683
684
685
686
687
693
694
695
696
697
698
699
702
704
705
706
707
711
712
713
714
715
716
717
720
721
722
723
724
725
726
727
728
729
731
735
742
744
751
752
753
754
755
756
757
758
759
762
764
765
766
767
771
779
1030
1033
1051
1052
1056
1060
1098
1331
1517
1519
1521
1882
2002
2003
2004
2008
2009
2010
2011
2012
2018
2019
2020
2021
2022
2024
2026
2027
2029
2030
2033
2034
2037
2039
2040
2042
2043
2044
2045
2047
2049
2050
2051
2052
2057
2058
2059
2061
2063
2064
2065
2066
2068
2069
2070
2071
2072
2073
2074
2076
2077
2079
2081
2082
2083
2084
2087
2088
2089
2090
2091
2092
2094
2095
2096
2097
2100
2101
2106
2108
2109
2110
2111
2113
2114
2115
2117
2118
2119
2120
2121
2122
2123
2124
2125
2128
2135
2136
2137
2138
2139
2140
2141
2142
2143
2144
2145
2146
2147
2149
2153
2154
2155
2157
2160
2164
2177
2192
2194
2195
2196
2198
2200
2203
2213
2215
2219
2220
2221
2222
2223
2227
2228
2230
2231
2232
2234
2242
2243
2248
2252
2253
2254
2255
2262
2263
2264
2265
2267
2269
2270
2271
2272
2280
2281
2286
2309
2313
2317
2380
2389
2403
2422
2439
2447
2449
2450
2453
2454
2456
2457
2459
2460
2461
2462
2463
2469
2471
2472
2483
2486
2495
2502
2503
2504
2505
2506
2507
2509
2510
2513
2514
2522
2525
2538
2540
2541
2545
2546
2547
2548
2555
2561
2564
2565
2567
2568
2573
2574
2577
2578
2580
2581
2582
2584
2585
2588
2591
2594
2595
2596
2598
2610
2616
2617
2618
2632
2633
2719
2720
2724
2769
2771
2773
2774
2775
2776
2780
2785
2786
2787
2789
2790
2791
2792
2795
2796
2797
2798
2799
2800
2802
2803
2806
2807
2808
2809
2812
2814
2815
2820
2821
2822
2823
2824
2825
2843
2869
2871
2874
2875
2880
2881
2882
2909
3006
3007
3009
3010
3011
3012
3016
3018
3019
3020
3022
3024
3037
3048
3049
3051
3053
3054
3055
3056
3057
3059
3061
3062
3063
3064
3065
3066
3068
3069
3073
3074
3075
3077
3078
3080
3084
3085
3089
3091
3092
3093
3094
3097
3098
3099
3101
3102
3103
3104
3105
3106
3108
3109
3111
3113
3114
3115
3116
3118
3121
3124
3126
3127
3129
3130
3131
3132
3133
3135
3136
3137
3138
3139
3140
3141
3142
3144
3145
3160
3161
3162
3164
3165
3166
3167
3169
3170
3171
3173
3177
3178
3179
3182
3183
3184
3185
3186
3187
3188
3198
3200
3211
3212
3213
3216
3217
3219
3220
3221
3222
3223
3224
3225
3226
3227
3228
3229
3230
3231
3232
3233
3234
3235
3236
3240
3241
3242
3243
3244
3246
3251
3252
3253
3254
3255
3256
3258
3259
3260
3264
3265
3266
3267
3269
3270
3271
3273
3274
3276
3277
3278
3280
3285
3287
3288
3289
3290
3291
3292
3293
3294
3295
3296
3297
3298
3299
3300
3301
3302
3303
3304
3306
3309
3314
3315
3316
3317
3318
3319
3320
3321
3324
3326
3327
3329
3331
3332
3333
3336
3337
3339
3341
3342
3343
3346
3347
3349
3350
3351
3354
3355
3356
3357
3358
3360
3363
3368
3369
3370
3382
3391
3395
3400
3403
3405
3418
3419
3448
3457
3458
3460
3461
3463
3465
3473
3479
3486
3487
3488
3489
3492
3950
3958
3980
3983
3986
3988
3992
3994
3995
3997
4000
4005
4170
4199
4203
4217
4219
4220
4221
4222
4223
4224
4225
4226
4227
4228
4229
4230
4231
4483
4485
4486
4487
4488
4489
4490
4504
4506
4509
4527
4529
4530
4531
4532
4536
4540
4541
4542
4544
4547
4548
4575
4576
4577
4579
4585
4593
4594
4596
4597
4603
4604
4605
4610
4611
4612
4613
4614
4615
4616
4620
4621
4628
4634
4638
4639
4645
4646
4647
4649
4651
4671
4673
4674
4676
4677
4678
4684
4687
4750
4751
4787
4796
4805
4806
4807
4808
4811
4813
4814
4815
4817
4821
4823
4824
4825
4828
4829
4830
4831
4832
4835
4836
4838
4839
4840
4841
4842
4848
4850
4853
4858
4859
4863
4867
4872
4873
4875
4878
4879
4883
4884
4885
4886
4887
4888
4890
4894
4895
4902
4905
4909
4911
4923
4928
4930
4934
4939
4940
4942
4943
4948
4951
4955
4956
4962
5000
