102
104
208
209
210
211
214
215
216
217
218
219
220
221
222
226
229
231
238
239
240
241
243
245
246
247
250
252
253
254
255
256
257
568
1001
1002
1003
1004
1006
1007
1008
1009
1010
1011
1013
1017
1018
1031
1032
1033
1034
1035
1036
1037
1038
1043
1044
1048
1051
1052
1053
1054
1057
1058
1059
1060
1061
1062
1063
1065
1066
1067
1068
1069
1070
1071
1072
1073
1074
1080
1081
1082
1084
1085
1086
1087
1088
1089
1090
1091
1092
1093
1095
1096
1098
1099
1100
1101
1102
1103
1105
1106
1107
1108
1109
1110
1113
1114
1115
1122
1128
1129
1130
1131
1132
1135
1136
1138
1139
1140
1141
1142
1145
1148
1156
1157
1158
1159
1161
1162
1163
1164
1165
1166
1168
1169
1170
1171
1172
1173
1174
1175
1177
1179
1180
1181
1183
1189
1190
1191
1192
1193
1195
1196
1197
1198
1199
1200
1201
1202
1204
1205
1206
1207
1208
1209
1210
1211
1212
1213
1214
1216
1217
1223
1225
1226
1227
1228
1229
1230
1231
1232
1234
1236
1237
1238
1239
1240
1243
1244
1245
1246
1247
1248
1249
1250
1252
1253
1254
1255
1256
1258
1259
1261
1264
1265
1266
1267
1268
1269
1271
1273
1274
1275
1276
1277
1278
1279
1280
1281
1282
1284
1285
1286
1287
1290
1291
1295
1296
1297
1298
1299
1300
1301
1302
1303
1304
1305
1306
1307
1309
1311
1312
1313
1314
1315
1316
1317
1318
1319
1321
1322
1323
1324
1325
1327
1329
1330
1331
1332
1333
1334
1335
1336
1337
1338
1339
1340
1341
1342
1343
1344
1345
1346
1347
1350
1351
1352
1353
1354
1355
1357
1359
1360
1361
1364
1367
1368
1370
1371
1372
1373
1374
1375
1376
1377
1378
1379
1380
1381
1385
1386
1387
1388
1389
1390
1391
1392
1393
1394
1397
1399
1400
1401
1402
1403
1406
1407
1408
1409
1411
1412
1416
1417
1419
1420
1422
1423
1424
1425
1426
1427
1428
1429
1430
1431
1432
1433
1434
1435
1436
1437
1438
1440
1467
1475
1477
1478
1479
1481
1483
1484
1486
2083
2091
2097
2105
2110
2111
2112
2113
2114
2115
2116
2124
2127
2132
2133
2148
2149
2155
2197
2198
2203
2204
2208
2297
2311
2316
2318
2320
2321
2322
2323
2324
2325
2326
2327
2376
2392
2397
2398
2399
2401
2405
2410
2411
2415
2418
2420
2424
2429
2430
2434
2436
2439
2446
2447
2449
2451
2452
2455
2456
2458
2459
2461
2462
2467
2472
2473
2474
2476
2477
2481
2482
2485
2486
2487
2489
2492
2493
2499
2836
2855
2856
2871
2872
2873
2876
2877
2878
2879
2881
2883
2888
2889
2890
2891
2892
2893
2894
2897
2898
2899
2902
2903
2904
2909
2917
2918
2919
2920
2921
2922
2924
2925
2926
2927
2928
2930
2931
2932
2933
2934
2935
2936
2937
3346
3371
3406
3478
3486
3488
3490
3491
3492
3493
3494
3496
3497
3498
3500
4182
4194
4298
4308
4329
4335
4336
4337
4338
4339
4340
4341
4342
4343
4346
4347
4526
4534
4538
4539
4558
4614
4617
4706
4710
4711
4713
4723
4759
4760
4761
4762
4763
4765
4766
4767
4768
4822
4840
4841
4882
4887
4888
4889
4890
4891
4892
4893
4894
4902
4904
4905
4906
4907
4908
4909
4910
4911
4912
4913
4945
4946
4979
4996
