1145
1184
1189
1192
1193
1197
1198
1199
1207
1231
1232
1233
1237
1238
1239
1240
1241
1242
1243
1244
1246
1247
1248
1249
1251
1252
1253
1254
1255
1260
1261
1262
1263
1264
1265
1266
1267
1269
1270
1272
1273
1274
1277
1278
1280
1281
1282
1284
1285
1286
1287
1288
1289
1290
1291
1292
1293
1295
1296
1297
1299
1300
1304
1307
1309
1310
1319
1322
1324
1325
1326
1327
1331
1332
1333
1334
1338
1339
1342
1344
1345
1349
1351
1353
1359
1360
1361
1362
1368
1369
1376
1378
1380
1381
1383
1384
1385
1386
1387
1388
1391
1394
1396
1398
1399
1400
1401
1402
1404
1406
1407
1408
1409
1411
1413
1415
1417
1418
1421
1427
1429
1430
1431
1434
1436
1437
1438
1439
1440
1444
1445
1448
1449
1454
1458
1459
1460
1461
1462
1463
1466
1467
1468
1469
1471
1476
1478
1481
1482
1485
1488
1496
1498
3364
3372
3373
3376
3383
